30
490213
   332.347   38.0244   24.7158   67.5688
            -62.7198  -35.0687   1.14745
                      -2.45943  -14.5867
                                -60.9948
26.39	61.9241	0.654647	0.206619	0.170626	0.564202
110074
   427.385    47.914  -11.4301   98.8156
            -62.7198  -36.4567  -1.76433
                      -2.35621   16.8491
                                -49.4269
29.8172	63	0.62957	0.270617	0.13616	0.688949
110090
   332.347   38.0244   21.7044   93.3553
            -62.7198  -35.0687   1.39313
                      -2.45943  -14.5867
                                -60.9948
26.7716	61.3461	0.635118	0.246599	0.170394	0.501474
110050
   423.109   38.0244   24.7158   67.5688
            -62.7198  -35.0687   1.14745
                      -2.45943  -14.5867
                                -60.9948
26.052	60.1142	0.690596	0.218301	0.137679	0.552722
110094
   427.385    47.914  -11.4301   127.644
            -62.7198  -36.4567  -1.76433
                      -2.35621   16.8491
                                -49.4269
29.2218	63	0.606303	0.227625	0.164692	0.740922
110072
   246.416  -67.7317   24.7158   60.8489
            -62.7198  -34.8183   1.60086
                      -2.45943  -11.8748
                                -49.4269
27.0771	63	0.595694	0.396696	0.155453	0.575572
110052
   330.801    47.914  -16.7727   98.8156
            -62.7198  -36.4567  -2.13996
                      -2.35621   16.8491
                                -49.4269
28.6062	63	0.594684	0.294715	0.161339	0.66843
110092
   246.416  -67.7317   24.7158   60.8489
            -62.7198   24.7017   1.60086
                      -2.45943  -12.4824
                                -49.4269
28.4119	62.5102	0.580192	0.38696	0.184599	0.58599
110104
   332.347   38.0244   24.7158   93.3553
            -62.7198  -35.0687   1.14745
                      -2.45943  -14.5867
                                -60.9948
26.7716	60.1142	0.635118	0.246599	0.170394	0.501474
110106
   332.347   38.0244   24.7158   67.5688
            -68.3989  -35.0687  -2.13996
                      -2.14167   16.8491
                                -73.2112
26.39	61.9241	0.654647	0.382162	0.164505	0.583828
110083
   427.385   38.0244   24.7158   98.8156
            -62.7198  -36.4567  -1.76433
                      -3.21386  -14.5867
                                -60.9948
29.8172	62.5029	0.630205	0.270617	0.181218	0.587594
110097
   309.495    32.497  -26.2427   55.2019
            -34.0854  -49.2879   1.33787
                       27.8319  -23.9367
                                 40.3412
19.8328	58.442	0.36342	0.303059	0.305669	0.628123
110103
   202.761    47.914  -29.2698   118.691
            -62.7198  -31.3203  -1.76433
                      -31.3508   16.8491
                                -49.4269
29.2218	63	0.519112	0.227625	0.164692	0.740922
110091
   423.109   38.0244   24.7158   90.8211
            -62.7198  -35.0687   1.14745
                      -1.89476  -14.5867
                                -60.9948
25.6651	58.8606	0.701529	0.25696	0.134141	0.552959
110105
   423.109   38.0244   24.7158   60.8489
            -62.7198  -35.0687   1.60086
                      -2.45943  -12.4824
                                -60.9948
26.052	62.5102	0.690596	0.38696	0.184599	0.58599
110064
   246.416    47.914   31.4989   67.5688
            -62.7198  -34.8183   1.60086
                      -2.45943  -11.8748
                                -60.9948
25.6166	63	0.62682	0.219855	0.265878	0.629758
110095
   427.385   56.4732   24.7158   98.8156
            -62.7198  -36.4567  -1.76433
                       -2.7589   19.6606
                                -60.9948
30.6657	63	0.701534	0.250041	0.143975	0.611677
110102
   246.416  -67.7317   24.7158   60.8489
            -62.7198  -34.8183  -2.13996
                      -2.45943   16.8491
                                -49.4269
27.0771	63	0.595694	0.382162	0.164505	0.575572
110108
   309.495    47.914  -16.7727   98.8156
            -68.3989  -49.2879   1.33787
                       27.8319  -20.0584
                                 40.3412
30.3448	57.5306	0.367799	0.294657	0.274989	0.583828
110096
  -286.001    47.914  -31.1674   67.5688
            -62.7198  -34.8183   1.60086
                       2.72149  -11.8748
                                -60.9948
27.1246	62.4613	0.623787	0.192117	0.25007	0.642996
110056
   302.808   41.3409  -29.2698   118.691
             -49.254  -31.3203  -39.9319
                       27.8319   51.6686
                                 44.5018
22.0927	62.646	0.53782	0.261311	0.387793	0.712088
110087
   202.761  -15.4008  -29.2698   118.691
            -43.5841  -31.3203  -41.7241
                      -31.3508   15.7339
                                 28.3706
20.0124	62.4632	0.519112	0.375972	0.209118	0.473738
110099
   202.761  -15.4008  -29.2698   118.691
            -56.0026  -31.3203  -41.7241
                      -42.8387   22.5472
                                 28.3706
21.5705	63	0.530633	0.361563	0.240306	0.468093
110109
   332.347  -67.7317   21.7044   60.8489
            -62.7198   24.7017   1.60086
                      -2.45943  -12.4824
                                -60.9948
26.7716	61.3461	0.635118	0.246599	0.184599	0.501474
110079
   309.495    32.497  -26.2427   55.2019
            -26.7924  -49.2879   1.33787
                       27.8319  -20.0584
                                 40.3412
20.7715	57.5306	0.367799	0.294657	0.274989	0.639954
110093
  -415.139    47.914  -16.7727   98.8156
            -68.3989  -36.4567  -2.13996
                      -2.14167   16.8491
                                -73.2112
30.3448	63	0.640616	0.382162	0.164505	0.583828
110098
   302.808   41.3409  -29.2698   118.691
             -49.254  -31.3203  -39.9319
                       24.1824   51.6686
                                 44.5018
23.1169	63	0.56991	0.310037	0.362651	0.663592
110107
   423.109   38.0244   24.7158   67.5688
            -62.7198  -40.1108   1.14745
                      -2.45943  -14.5867
                                 38.5174
26.052	45.793	0.690596	0.218301	0.137679	0.560333
110100
   -14.736  -18.9997 -0.284497   19.6101
              40.171   44.9971  -18.3507
                       12.2297  -22.6173
                                 1.72338
28.4374	50.4339	0.445501	0.306215	0.317712	0.54292
110101
   45.7734    41.338   -38.292   30.2108
             23.7975  -40.1108   43.8653
                       15.3245   36.7082
                                 38.5174
28.84	45.793	0.442933	0.340505	0.206829	0.560333
