30
984
   46.1756  -42.4519   25.0164   38.6627
            -37.7546  -14.0168   -48.931
                      -6.90078  -7.57254
                                -13.5087
26.9263	56.8018	0.420391	0.489525	0.295561	0.443775
978
   46.1756   34.3453  -29.9156   38.6627
            -37.7546  -38.3588   -48.931
                      -6.90078  -6.98251
                                 4.34683
27.1749	59.2139	0.454899	0.379394	0.363867	0.517001
967
   46.1756   34.3453   25.0164   38.6627
            -37.7546  -38.3588   -48.931
                      -6.90078  -6.98251
                                 4.34683
26.0769	57.4117	0.489817	0.369322	0.320824	0.532833
966
   39.9417  -48.7061   5.41456   43.1812
             13.4867   -38.915  -14.5441
                       4.68676  -42.3918
                                 -43.451
27.7225	49.3698	0.416207	0.348676	0.333894	0.423194
975
   46.1756   34.3453   25.0164   38.6627
            -37.7546  -14.0168   -48.931
                      -6.90078  -7.92093
                                -13.5087
26.9379	59.3464	0.4082	0.438267	0.351526	0.49731
974
   46.1756    28.449   25.0164   38.6627
            -43.7606  -14.0168   -48.931
                      -6.90078  -7.57254
                                -13.5087
28.7063	57.4318	0.390843	0.380578	0.351492	0.529607
964
   46.1756   34.3453   25.0164   38.6627
            -37.7546  -14.0168   -48.931
                      -6.90078  -7.57254
                                -13.5087
26.0769	57.4117	0.420391	0.388381	0.320824	0.532833
962
   52.0235    49.841   40.0291   38.6627
            -37.7546  -40.6714   12.7368
                      -6.90078  -6.98251
                                 4.34683
23.6641	59.244	0.443227	0.365985	0.297032	0.548489
963
   46.1756   34.3453   25.0164   38.6627
            -43.7606  -14.0168   -48.931
                      -6.90078  -7.57254
                                -13.5087
27.1508	58.6324	0.442787	0.343899	0.322704	0.569542
982
   37.1659  -42.4519   25.0164   17.6373
             32.6233  -14.0168  -44.7752
                      -6.90078  -6.98251
                                 4.34683
26.8809	49.4437	0.354487	0.369322	0.527408	0.532833
989
   34.5373  -9.58321   3.52501  -45.6232
             -41.518  -11.8342  -34.6433
                       32.4086  -31.0195
                                 17.5309
28.5208	54.1886	0.501613	0.32315	0.29852	0.432961
973
   52.0235   47.3841   40.0291   38.6627
            -37.7546  -40.6714   12.7368
                      -6.90078  -6.98251
                                 4.34683
22.4835	60.5986	0.399306	0.402403	0.289966	0.517046
983
   46.1756   34.3453   25.0164   38.6627
            -37.7546  -14.0168   -48.931
                      -6.90078  -24.6804
                                -13.5087
26.0769	56.8018	0.468764	0.489525	0.320824	0.532833
977
   39.9417  -48.7061   5.41456   43.1812
            -15.1569   -38.915  -14.5441
                       4.68676  -42.3918
                                 -43.451
25.9037	48.0049	0.454362	0.39279	0.263972	0.34766
969
  -21.8224    49.841   40.0291   38.6627
             18.7394  -33.9402   -48.931
                      -12.1885   -18.907
                                -33.3649
22.5476	60.2859	0.460554	0.410748	0.316101	0.49705
972
   37.1659  -42.4519   22.3196   17.6373
             32.6233  -14.0168  -44.7752
                      -6.90078  -24.6804
                                -15.7287
27.3986	49.1116	0.399329	0.269329	0.475885	0.397507
961
   37.1659  -42.4519   25.0164   17.6373
             32.6233  -14.0168  -44.7752
                      -6.90078  -24.6804
                                -15.7287
26.8809	49.4437	0.354487	0.24059	0.527408	0.425063
981
  -48.6199  -42.4519   25.0164   38.6627
            -36.2226  -14.0168   -48.931
                      -6.90078  -24.6804
                                -13.5087
26.2385	57.0111	0.526766	0.483983	0.282341	0.422361
985
  -48.6199  -48.7061   25.0164   38.6627
             13.4867   -38.915  -14.5441
                       4.68676  -24.6804
                                 -43.451
26.9263	56.8018	0.416207	0.348676	0.295561	0.423194
965
   46.1756    49.841  -53.6268   38.6627
            -37.7546  -38.3588   12.7368
                      -6.90078  -6.98251
                                 4.34683
22.3675	41.244	0.51474	0.339399	0.22717	0.597437
960
  -48.6199  -42.4519   25.0164   38.6627
            -37.7546  -14.0168   -48.931
                      -6.90078  -24.6804
                                -13.5087
26.9263	56.8018	0.468764	0.489525	0.295561	0.443775
976
   46.1756    49.841  -53.6268   44.3354
            -37.7546  -38.3588   12.7368
                      -6.90078  -6.98251
                                 4.34683
22.9313	40.2745	0.46041	0.331113	0.22714	0.613153
987
  -48.6199  -42.4519   40.0291   38.6627
            -37.7546  -14.0168   -48.931
                      -6.90078  -24.6804
                                -13.5087
26.9263	59.244	0.468764	0.365985	0.297032	0.443775
980
  -21.8224    49.841   40.0291   38.6627
             18.7394  -33.9402   -48.931
                      -12.1885   -18.907
                                -27.0971
23.6681	61.6329	0.498372	0.417815	0.255755	0.460959
986
  -21.8224    49.841   40.0291   38.6627
             18.7394  -40.6714   -48.931
                      -12.1885  -6.98251
                                 4.34683
22.5476	60.2859	0.443227	0.365985	0.316101	0.548489
970
  -48.6199  -42.4519   25.0164   38.6627
            -37.7546  -14.0168   -48.931
                      -6.90078  -24.6804
                                -13.5087
26.9263	56.8018	0.468764	0.489525	0.295561	0.443775
968
  -48.6199   34.3453   25.0164   44.9658
            -37.7546  -14.0168   -48.931
                      -6.90078  -7.57254
                                -13.5087
25.9252	56.4469	0.452665	0.493577	0.274004	0.447715
971
  -56.7248  -42.4519   25.0164   38.6627
            -37.7546  -14.0168   -48.931
                      -6.90078  -24.6804
                                -13.5087
27.7206	55.1188	0.467345	0.5241	0.28301	0.411881
979
  -48.6199   34.3453   25.0164  -36.8619
            -37.7546  -14.0168   -48.931
                      -6.90078  -7.57254
                                -13.5087
25.3016	55.8463	0.468837	0.449355	0.239921	0.485635
988
   20.8619   -30.276   22.9255  -30.4882
             27.2263   4.09081   22.2683
                      -18.7987  -2.27035
                                -18.0607
28.2029	54.4595	0.463332	0.34245	0.385776	0.425351
