25
918
   49.2122  -25.7502   29.5109  -19.2227
            -38.3796  -48.7486 -0.120608
                       29.6177   4.36351
                                -13.0008
23.7331	60.7941	0.356161	0.641043	0.359499	0.156721
975
   49.2122  -25.7502   29.5109  -1.06992
            -38.3796  -48.7486   18.3173
                       29.6177   4.36351
                                -13.0008
21.1833	61.7642	0.262444	0.707572	0.405707	0.123801
842
   49.2122  -25.7502  -34.3836  -19.2227
            -38.3796  -48.7486 -0.120608
                       29.6177   4.36351
                                -13.0008
21.826	59.3426	0.377647	0.611827	0.339623	0.176563
956
   49.2122  -25.7502   29.5109  -1.06992
            -38.3796  -48.7486 -0.120608
                       29.6177   4.36351
                                -13.0008
22.0996	59.8566	0.303644	0.683453	0.417233	0.144917
997
   49.2122  -25.7502   32.4647  -19.2227
            -38.3796  -48.7486 -0.120608
                       29.6177   4.36351
                                -13.0008
21.6152	61.0493	0.403233	0.67414	0.297174	0.136185
960
   49.2122  -49.6221  -34.3836  -19.2227
            -19.8802  -48.7486 -0.120608
                       29.9001  0.996438
                                -13.0008
20.2825	60.9489	0.433002	0.662723	0.241164	0.0947505
922
   49.2122  -25.7502  -34.3836  -19.2227
            -38.3796  -48.7486  -21.9124
                      -42.2206   4.36351
                                -13.0008
23.2634	57.2771	0.415834	0.572345	0.414912	0.215544
995
   49.2122  -25.7502   29.5109  -19.2227
            -38.3796  -48.7486   14.9751
                       29.6177   4.36351
                                -13.0008
25.4261	59.7718	0.364348	0.672506	0.382988	0.137451
999
   49.2122  -49.6221  -34.3836   -14.686
            -19.8802  -48.7486 -0.120608
                       29.9001  0.996438
                                -13.0008
20.449	62.1891	0.375522	0.684379	0.221467	0.103455
996
   49.2122  -25.7502   29.5109  -1.06992
            -38.3796   26.9833   18.3173
                       29.6177   4.36351
                                -13.0008
20.8874	62.8949	0.241983	0.739035	0.389395	0.115606
994
   49.2122  -25.7502   29.5109  -1.06992
            -38.3796   32.2632 -0.120608
                       29.6177   4.36351
                                -13.0008
22.5191	60.6537	0.36959	0.696734	0.349606	0.155363
1007
   49.2122  -25.7502  -34.3836  -19.2227
            -38.3796  -48.7486 -0.120608
                       29.6177   4.36351
                                -13.0008
0	0	0	0	0	0
1001
   49.2122  -25.7502   29.5109  -1.06992
            -38.3796  -48.7486   18.3173
                      -42.2206   4.36351
                                -13.0008
0	0	0	0	0	0
998
   -35.738  -25.7502  -34.3836  -19.2227
            -38.3796  -48.7486  -21.9124
                      -42.2206   4.36351
                                -13.0008
21.8462	57.9485	0.399784	0.605848	0.413226	0.221867
1011
   49.2122  -25.7502  -34.3836  -19.2227
            -38.3796  -48.7486 -0.120608
                       29.6177   4.36351
                                -13.0008
0	0	0	0	0	0
1009
   49.2122  -49.6221  -34.3836  -19.2227
            -19.8802  -48.7486  -21.9124
                       29.9001   4.36351
                                -13.0008
0	0	0	0	0	0
1010
   49.2122  -49.6221  -34.3836  -19.2227
            -19.8802  -48.7486 -0.120608
                       29.9001   4.36351
                                -13.0008
0	0	0	0	0	0
1005
   49.2122  -25.7502   29.5109  -1.06992
            -38.3796  -48.7486 -0.120608
                       29.6177   4.36351
                                -13.0008
0	0	0	0	0	0
1012
   49.2122  -25.7502   29.5109  -19.2227
            -38.3796  -48.7486 -0.120608
                       29.6177  0.996438
                                -13.0008
0	0	0	0	0	0
1003
   49.2122  -25.7502  -34.3836  -19.2227
            -38.3796  -48.7486 -0.120608
                       29.6177   4.36351
                                -13.0008
0	0	0	0	0	0
1000
   49.2122  -25.7502   29.5109  -1.06992
            -38.3796  -48.7486 -0.120608
                       29.6177   4.36351
                                -13.0008
0	0	0	0	0	0
1006
   49.2122  -25.7502  -34.3836  -1.06992
            -38.3796  -48.7486  -21.9124
                       29.6177   4.36351
                                -13.0008
0	0	0	0	0	0
1002
   49.2122  -25.7502   29.5109  -19.2227
            -38.3796  -48.7486 -0.120608
                       29.6177   4.36351
                                -13.0008
0	0	0	0	0	0
1008
   49.2122  -25.7502  -34.3836  -1.06992
            -38.3796  -48.7486  -21.9124
                       29.6177   4.36351
                                -13.0008
0	0	0	0	0	0
1004
   49.2122  -25.7502  -34.3836  -19.2227
            -19.8802  -48.7486 -0.120608
                       29.9001   4.36351
                                -13.0008
0	0	0	0	0	0
