30
158
   119.572   21.2533   23.4177   44.5121
            -39.2892  -48.8808 -0.894313
                       12.4999   8.65942
                                -38.9701
24.1204	61.0195	0.401767	0.271495	0.206923	0.611111
160
   119.572   21.2533   23.4177   44.5121
            -36.5181  -48.8808 -0.894313
                       12.4999    14.681
                                -38.9701
24.3028	60.414	0.428577	0.259216	0.167571	0.625672
173
   119.572   21.2533   23.4177   44.5121
            -36.5181  -48.8808 -0.894313
                       12.4999    14.681
                                -38.9701
24.3028	60.414	0.428577	0.259216	0.167571	0.625672
150
   119.572   21.2533   23.4177   44.5121
            -36.5181  -48.8808 -0.894313
                       12.4999    14.681
                                -38.9701
24.3028	60.414	0.428577	0.259216	0.167571	0.625672
169
   119.572   21.2533  -25.4137   44.5121
            -56.5393  -69.0877  0.818411
                       12.4999   8.65942
                                -38.9701
24.2005	62.0239	0.477362	0.28429	0.169926	0.565417
161
   119.572   21.2533   23.4177   44.5121
            -45.5366  -48.8808  -1.26789
                       12.4999    14.681
                                -38.9701
24.5375	59.2736	0.491391	0.275802	0.190264	0.5828
171
   119.572   21.2533   23.4177  -48.1185
            -49.7103  -48.8808   0.84712
                       12.4999   18.5494
                                -38.9701
22.4238	59.7775	0.498706	0.306407	0.181848	0.54404
152
   119.572   10.3887  -21.3409   44.5121
            -39.2892  -67.3105 -0.894313
                      -9.47431    55.887
                                -47.6837
34.7568	58.9795	0.427463	0.234777	0.247616	0.658831
159
   95.1499   11.4243  -15.9077   44.5121
            -39.2892  -67.3105 -0.894313
                      -9.47431   48.9126
                                -47.6837
33.9449	59.6304	0.374541	0.181174	0.272707	0.720508
175
   119.572   21.2533   23.4177   44.5121
            -36.5181  -48.8808 -0.894313
                       12.4999  -14.5451
                                -49.5656
22.4064	60.4062	0.428577	0.176338	0.167571	0.592476
163
   119.572   13.3623  -14.9431   44.5121
             47.7681  -67.3105 -0.894313
                      -9.47431    55.887
                                -55.7981
32.994	60.2276	0.420415	0.212808	0.283396	0.658214
151
   119.572   10.3887   28.8977   44.5121
             42.3669   -58.128 -0.894313
                       10.9285  -14.5451
                                -49.5656
22.4064	60.4062	0.388837	0.176338	0.196464	0.592476
168
   119.572    17.809  -21.3409  -29.2688
            -38.6599  -52.1727 -0.894313
                      -12.3263  -40.5968
                                 64.4829
35.8914	59.047	0.424623	0.165907	0.170057	0.700303
172
   119.572   21.2533   23.4177   44.5121
            -39.2892  -48.8808 -0.894313
                       12.4999   6.02283
                                 48.1213
24.1204	61.0195	0.401767	0.271495	0.206923	0.498254
177
  -3.46843   10.1836   49.8922   44.5121
            -39.2892  -4.80616 -0.894313
                      -9.47431    55.887
                                -24.4949
27.2976	58.9795	0.421536	0.342995	0.247616	0.57039
157
   119.572   16.3048  -21.3409  -29.2688
            -39.2892   -58.128 -0.894313
                      -12.3263  -40.5968
                                -49.5656
36.8401	59.565	0.414395	0.169722	0.205822	0.706953
167
   119.572   10.3887   22.3713  -54.8235
            -39.2892  -67.3105 -0.894313
                      -8.00583  -40.5968
                                 34.9147
32.507	61.1082	0.401675	0.235017	0.284368	0.676949
156
   119.572   10.3887   31.6597  -54.8235
            -39.2892  -67.3105 -0.894313
                      -8.00583  -40.5968
                                 34.9147
31.4453	62.9259	0.432372	0.266493	0.213754	0.651839
170
    117.99   12.9775  -15.9077   44.5121
            -33.3856  -67.3105 -0.894313
                        9.3601   48.9126
                                -47.6837
32.9657	58.838	0.35789	0.210781	0.284264	0.664166
174
  -3.46843   2.00571  -47.2133    7.6478
            -46.4707  -41.3997  -46.4974
                        15.915   6.02283
                                -24.4949
24.0831	51.085	0.421536	0.342995	0.309368	0.498254
165
   4.90862   2.00571  -47.2133    7.6478
            -42.3267  -41.3997  -46.4974
                       12.8679   6.02283
                                 48.1213
24.1983	53.3467	0.533237	0.277042	0.265188	0.502669
176
   4.90862   16.3048  -21.3409  -29.2688
            -39.2892   -58.128 -0.894313
                        15.915   6.02283
                                -49.5656
36.8401	59.565	0.414395	0.169722	0.205822	0.706953
153
  -3.46843   10.1836   49.8922  -9.60269
            -46.4707  -4.80616   12.1882
                       33.3233   24.3929
                                -24.4949
27.2976	51.085	0.421536	0.342995	0.309368	0.57039
155
    24.814   37.2064   26.4105 -0.966234
            -35.0413   28.4083   19.6145
                       48.3525   6.00087
                                 43.2918
20.7143	50.9944	0.50795	0.374042	0.308961	0.405096
154
   4.90862   2.00571  -47.2133    7.6478
            -42.3267  -41.3997  -46.4974
                        15.915   6.02283
                                 48.1213
24.0831	54.4448	0.472983	0.320884	0.329054	0.498254
164
  -5.13453   10.1836   63.3361  -6.45329
            -46.4707  -4.80616   12.1882
                       33.3233   24.3929
                                -24.4949
27.6483	52.0274	0.391292	0.391317	0.33762	0.501752
178
  -42.6364   20.0454   36.5515  -22.5602
            -35.1866  -43.0088   31.7108
                       44.4686  -13.8019
                                -24.2504
25.3578	52.8166	0.457816	0.220709	0.276148	0.476492
162
   119.572   10.3887   28.8977   -45.071
             42.3669   70.6926 -0.894313
                       10.9285  -14.5451
                                -65.5709
22.5155	60.7628	0.403918	0.209498	0.182605	0.582216
166
    24.814   37.2064   26.4105 -0.966234
            -29.2031   28.4083   19.6145
                       48.3525   8.55844
                                 43.2918
18.7671	51.9941	0.471812	0.420332	0.326522	0.35875
179
   8.72931  -33.0094  -10.8574  -13.3892
             33.9636   14.5935   -40.678
                      -30.0963  -14.3837
                                 2.78628
29.7894	49.1621	0.551914	0.374653	0.381552	0.597642
