30
710401
   496.958  -28.7255   48.3048    133.02
              45.323  -28.4724   1.14745
                      -4.38023   17.5103
                                -57.0517
27.0578	63	0.514548	0.198457	0.180782	0.525401
710265
   334.256  -40.7795   28.3918   179.172
              45.323  -28.4724   1.14745
                      -4.38023  -21.5276
                                -84.1862
27.1734	63	0.506138	0.177681	0.145141	0.453926
710403
   496.958  -28.7255   28.3918   136.588
              45.323  -33.7185   1.14745
                       5.89896  -21.5276
                                -79.1324
26.7033	59.9562	0.424727	0.176201	0.172619	0.384818
710440
   496.958  -35.5291   48.3048   118.804
              45.323  -28.4724   1.14745
                      -4.38023    -15.95
                                 -78.546
27.1468	63	0.486424	0.205548	0.160945	0.561856
710461
   334.256  -40.7795   28.3918   247.914
              45.323  -28.4724   1.14745
                      -4.38023  -21.5276
                                -84.1862
26.97	61.4965	0.510606	0.184215	0.114472	0.428887
710460
   496.958   32.6181   48.3048    133.02
             30.0404  -28.4724   1.14745
                      -4.76548   17.5103
                                -76.2013
26.0793	63	0.484561	0.171201	0.219251	0.592109
710418
   496.958  -28.7255   28.3918   136.588
              45.323  -33.7185   1.14745
                       5.89896   17.5103
                                -57.0517
24.7915	61.7246	0.514548	0.198457	0.180782	0.525401
710423
   496.958  -28.7255    34.889   136.588
              45.323  -33.7185   1.14745
                       5.26633  -24.2336
                                -79.1324
25.1915	60.7218	0.478582	0.154923	0.1571	0.367919
710463
   496.958  -23.7763   48.3048   118.804
            -51.1198  -28.4724   1.14745
                       5.71677  -15.7924
                                 -78.546
28.231	62.5685	0.459903	0.145394	0.143843	0.598806
710462
   496.958  -28.7255   22.9651   136.588
              45.323  -49.0091   1.14745
                       5.89896  -18.6122
                                -79.1324
26.3047	58.7976	0.37593	0.182208	0.165858	0.430551
710465
   496.958  -28.7255   28.3918   136.588
              45.323  -33.7185   1.14745
                       5.89896   17.5103
                                 64.7576
25.1648	61.2764	0.443648	0.202503	0.191279	0.549584
710466
   629.508   40.4338   28.3918   136.588
             82.9137  -33.7185   1.14745
                       5.89896   17.5103
                                -57.0517
27.2229	63	0.476638	0.253346	0.170513	0.503654
710447
   629.508   40.4338   28.3918   136.588
             58.1786  -33.7185   1.14745
                       5.89896   17.5103
                                -57.0517
28.4139	62.8876	0.516312	0.251102	0.193722	0.481546
710475
   474.765   27.5796   28.3918  -32.3913
              45.323  -43.6753  -4.01579
                       5.89896   17.5103
                                 8.00627
22.9601	63	0.514548	0.240729	0.298947	0.448681
710467
  -36.1647  -65.3242  -23.2557    10.105
             -9.1813  -10.4925   28.7567
                      -20.5097  -3.69563
                                 41.8292
22.9795	45.7148	0.633097	0.298864	0.203056	0.463599
710454
  -36.1647  -45.3497  -23.2557   7.89679
             -9.1813  -11.9767   28.7567
                      -20.5097  -3.69563
                                -36.3814
24.8212	46.1058	0.554321	0.275664	0.252523	0.447506
710478
   496.958  -28.7255   48.3048    133.02
              45.323  -28.4724   1.14745
                       5.89896   17.5103
                                -57.0517
27.0578	63	0.514548	0.198457	0.180782	0.525401
710464
   496.958  -28.7255   43.0192   168.287
              45.323   38.0927   1.14745
                       5.26633  -18.3873
                                -79.1324
26.5247	60.8802	0.476325	0.151619	0.155107	0.350697
710474
   496.958  -28.7255    34.889   136.588
              45.323  -33.7185   1.14745
                       5.26633   17.5103
                                 64.7576
25.1915	61.2764	0.443648	0.154923	0.191279	0.549584
710453
   474.765   27.5796   28.3918   136.588
              45.323  -43.6753   1.14745
                       5.89896   17.5103
                                -57.0517
22.9601	63	0.514548	0.198457	0.180782	0.525401
710476
  -36.1647  -45.3497   28.3918  -45.3367
              45.323  -11.9767  -4.01579
                      -18.7654   17.5103
                                  6.8525
23.884	45.2996	0.520386	0.306426	0.180782	0.401673
710429
  -36.1647  -45.3497   5.63565  -45.3367
            -6.82245  -11.9767  -4.01579
                      -18.7654  -1.84097
                                  6.8525
23.884	45.2996	0.520386	0.306426	0.301166	0.401673
710479
  -36.1647  -65.3242   48.3048    133.02
             30.0404  -10.4925   28.7567
                      -20.5097   17.5103
                                 41.8292
22.9795	63	0.633097	0.171201	0.203056	0.463599
710468
  -36.1647  -45.3497   5.63565  -32.3913
            -6.82245  -11.9767  -4.01579
                      -18.7654  -1.84097
                                 8.00627
25.7679	46.6618	0.521004	0.240729	0.298947	0.448681
710477
   334.256  -65.3242  -23.2557   247.914
             -9.1813  -10.4925   1.14745
                      -20.5097  -21.5276
                                -84.1862
22.9795	61.4965	0.633097	0.184215	0.203056	0.463599
710473
   334.256  -40.7795   28.3918   179.172
            -6.82245  -11.9767  -4.01579
                      -4.38023  -21.5276
                                 8.00627
27.1734	46.6618	0.506138	0.240729	0.145141	0.453926
710469
   474.765   27.5796   28.3918   136.588
             54.5296  -43.6753   1.14745
                       5.89896  -16.9516
                                -57.0517
21.898	63	0.603238	0.207805	0.138144	0.54453
710472
  -36.1647  -65.3242  -23.2557   247.914
             -9.1813  -10.4925   1.14745
                      -4.38023  -21.5276
                                -84.1862
26.97	45.7148	0.633097	0.298864	0.203056	0.428887
710470
   12.8148  -49.6275  -16.7238   32.5148
            -15.8321   24.6322  -27.5871
                       31.0267   -29.476
                                 20.2134
23.0952	47.4897	0.548709	0.27305	0.217338	0.53262
710471
     49.28   2.50408  -3.73615  -37.0624
             23.5124   24.5709  -24.4304
                       27.1532  0.011445
                                -37.1821
27.8108	46.828	0.580378	0.393425	0.337153	0.472425
