50
499
   827.533	  -88.2402	  -82.7825	  -334.541	
	   -830.83	   -929.21	  -971.033	
		  -191.933	   628.175	
			  -707.956	
0	0	0	0	1.16242	1.14207	1.12184	1.10162	1.08139	1.06116	1.04094	1.02466	1.00443	0.984207	0.963981	0.943755	0.923529	0.903616	0.883389	0.863163	0.842937	0.822711	0.802485	0.782259	0.762033	0.741807	0.72158	0.701354	0.681128	0.641131	0.613519	0.538861	0.518635	0.498409	0.478182	0.457956	0.43773	0.417504	0.397278	0.364362	0.344136	0.32391	0.303684	0.283458	0.263232	0.243006	0.222779	0.202553	0.182327	0.15644	0.136214	0.115988	0.111943	0.111943	0.111943	0.111943	0.111943	0.0781998	0.0781998	0.0781998	0.0206472	0.0206472	0	0	
496
   827.533	  -88.2402	  -717.567	   443.904	
	   -830.83	  -932.865	  -971.033	
		  -191.933	   170.598	
			  -966.323	
0	0	0	0	1.27226	1.24882	1.22545	1.20332	1.17995	1.15658	1.13321	1.1136	1.09023	1.06686	1.04349	1.02012	0.996749	0.974728	0.951359	0.927989	0.90462	0.88125	0.857881	0.834511	0.811142	0.787772	0.764403	0.741033	0.691277	0.652385	0.626692	0.563104	0.539735	0.516365	0.492996	0.469626	0.446257	0.422887	0.399518	0.369536	0.346167	0.322797	0.299428	0.276058	0.252689	0.229319	0.20595	0.18258	0.159211	0.131529	0.10816	0.0847904	0.0801165	0.0801165	0.0801165	0.0801165	0.0801165	0.0471752	0.0291878	0.0291878	0.0291878	0.0291878	0	0	
485
   434.345	  -88.2402	  -717.567	   67.5509	
	   -830.83	   -929.21	  -832.657	
		  -191.933	   170.598	
			  -966.323	
0	0	0	0	1.32803	1.30364	1.2793	1.2562	1.23186	1.19412	1.16978	1.15009	1.12575	1.10141	1.07707	1.05273	1.02839	1.0054	0.981062	0.956722	0.932383	0.908044	0.883705	0.859365	0.835026	0.810687	0.786347	0.762008	0.711282	0.670533	0.646194	0.581447	0.557108	0.532768	0.508429	0.48409	0.45975	0.435411	0.411072	0.382949	0.35861	0.334271	0.309932	0.285592	0.261253	0.236914	0.212574	0.188235	0.163896	0.13509	0.110751	0.0864116	0.0815438	0.0815438	0.0815438	0.0815438	0.0815438	0.0482673	0.03028	0.03028	0.03028	0.03028	0	0	
481
   827.533	  -88.2402	  -717.567	   640.291	
	   -830.83	   -929.21	  -832.657	
		    579.64	   628.175	
			  -707.956	
0	0	0	0	1.40635	1.38307	1.35985	1.33664	1.31342	1.29021	1.267	1.25056	1.22734	1.20413	1.18091	1.1577	1.13448	1.11127	1.08805	1.06484	1.04163	1.01841	0.995197	0.971983	0.948768	0.925554	0.90234	0.879125	0.855911	0.807555	0.779278	0.690423	0.667209	0.643994	0.62078	0.597566	0.574351	0.551137	0.527923	0.49601	0.472796	0.449581	0.426367	0.403153	0.303945	0.28073	0.257516	0.234302	0.211087	0.180737	0.157523	0.134309	0.129666	0.129666	0.129666	0.0850093	0.0850093	0.0791482	0.0791482	0.0791482	0.0215957	0.0215957	0	0	
400
   827.533	  -88.2402	  -82.7825	  -334.541	
	   -830.83	   -929.21	  -971.033	
		  -191.933	   628.175	
			  -707.956	
0	0	0	0	1.19441	1.17436	1.15444	1.13453	1.11461	1.0947	1.07478	1.05879	1.03888	1.01896	0.999048	0.979133	0.959218	0.939303	0.919388	0.899473	0.879558	0.859643	0.839729	0.819814	0.799899	0.779984	0.760069	0.740154	0.720239	0.678247	0.648206	0.564035	0.54412	0.524205	0.50429	0.484375	0.46446	0.444545	0.424631	0.387319	0.367404	0.347489	0.327574	0.307659	0.287744	0.26783	0.247915	0.228	0.208085	0.1816	0.161685	0.14177	0.137787	0.137787	0.137787	0.137787	0.137787	0.13304	0.13304	0.13304	0.0179351	0.0179351	0	0	
502
   827.533	  -88.2402	  -82.7825	  -334.541	
	   -830.83	   -929.21	  -971.033	
		  -191.933	   628.175	
			  -707.956	
0	0	0	0	1.26149	1.24023	1.21908	1.19906	1.17791	1.15675	1.1356	1.1174	1.09624	1.07509	1.05394	1.03279	1.01164	0.991429	0.970278	0.949127	0.927976	0.906825	0.885674	0.864523	0.843372	0.822221	0.80107	0.779919	0.734805	0.697096	0.66835	0.599007	0.577856	0.556705	0.535554	0.514403	0.493252	0.472101	0.45095	0.416751	0.3956	0.374449	0.353298	0.332147	0.310996	0.289845	0.268694	0.247543	0.226392	0.200314	0.13935	0.118199	0.113969	0.113969	0.113969	0.113969	0.113969	0.110409	0.110409	0.110409	0.0240798	0.0240798	0	0	
473
   827.533	  -88.2402	  -82.7825	  -334.541	
	   -830.83	   -929.21	  -659.198	
		  -191.933	   628.175	
			  -966.323	
0	0	0	0	1.41985	1.39609	1.3724	1.34871	1.32502	1.27027	1.24658	1.22973	1.20604	1.18235	1.15866	1.13498	1.11129	1.0876	1.06391	1.04022	1.01653	0.992841	0.969152	0.945463	0.921774	0.898085	0.874396	0.850707	0.827018	0.777655	0.748582	0.657612	0.633923	0.610234	0.586545	0.562856	0.539167	0.515478	0.491789	0.458851	0.435162	0.411473	0.387784	0.364095	0.340406	0.316717	0.293028	0.269339	0.24565	0.214662	0.190973	0.167284	0.162547	0.162547	0.162547	0.162547	0.162547	0.156576	0.022015	0.022015	0.022015	0.022015	0	0	
440
   827.533	  -88.2402	  -717.567	   640.291	
	   -830.83	   -929.21	  -832.657	
		    579.64	   628.175	
			  -966.323	
0	0	0	0	1.61829	1.59178	1.56526	1.53875	1.51224	1.48572	1.45921	1.44232	1.4158	1.38929	1.36278	1.33626	1.30975	1.28323	1.25672	1.23021	1.20369	1.17718	1.15067	1.12415	1.09764	1.07112	1.04461	1.0181	0.991583	0.936864	0.91035	0.816811	0.790297	0.763784	0.73727	0.710756	0.684242	0.657729	0.631215	0.604701	0.578187	0.551673	0.52516	0.498646	0.320145	0.293631	0.267117	0.240604	0.21409	0.179875	0.153361	0.126847	0.121544	0.121544	0.121544	0.0322312	0.0322312	0.0252563	0.0252563	0.0252563	0.0252563	0.0252563	0	0	
484
   827.533	  -88.2402	  -998.337	  -334.541	
	   -830.83	   -929.21	  -971.033	
		  -191.933	   628.175	
			  -966.323	
0	0	0	0	1.19526	1.17371	1.15224	1.13132	1.10985	1.08838	1.0669	1.04923	1.02776	1.00629	0.984819	0.963347	0.941876	0.920964	0.899493	0.878022	0.85655	0.835079	0.813607	0.792136	0.770665	0.749193	0.727722	0.70625	0.673076	0.629567	0.603023	0.534118	0.513898	0.492427	0.470955	0.449484	0.428013	0.406541	0.38507	0.353723	0.332251	0.31078	0.289308	0.267837	0.246366	0.224894	0.203423	0.181951	0.16048	0.131764	0.110293	0.0888211	0.0845268	0.0845268	0.0845268	0.0845268	0.0845268	0.0806917	0.0806917	0.0806917	0.0785505	0.0785505	0	0	
504
   434.345	  -88.2402	  -998.337	   443.904	
	   -830.83	  -932.865	  -971.033	
		  -191.933	   170.598	
			  -966.323	
0	0	0	0	1.3038	1.27917	1.25457	1.23176	1.20717	1.18257	1.15797	1.13698	1.11238	1.08779	1.06319	1.03859	1.014	0.990994	0.966397	0.941799	0.917202	0.892605	0.868007	0.84341	0.818813	0.794216	0.769618	0.745021	0.682335	0.639966	0.615369	0.557608	0.534262	0.509665	0.485068	0.460471	0.435873	0.411276	0.386679	0.358299	0.333701	0.309104	0.284507	0.25991	0.235312	0.210715	0.186118	0.16152	0.136923	0.106436	0.0818388	0.0572415	0.052322	0.052322	0.052322	0.052322	0.052322	0.0492926	0.0313053	0.0313053	0.029164	0.029164	0	0	
465
   827.533	  -88.2402	  -82.7825	   67.5509	
	   -830.83	  -932.865	  -971.033	
		  -88.0182	   628.175	
			  -707.956	
0	0	0	0	1.32857	1.30611	1.28372	1.26358	1.2412	1.21881	1.19642	1.176	1.15361	1.13122	1.10884	1.08645	1.06406	1.04356	1.02117	0.998781	0.976394	0.954007	0.931619	0.909232	0.886845	0.864458	0.842071	0.819684	0.74937	0.715945	0.688494	0.633979	0.611592	0.589205	0.566818	0.544431	0.522044	0.499656	0.477269	0.446184	0.423797	0.401409	0.379022	0.356635	0.334248	0.311861	0.289474	0.267086	0.244699	0.219027	0.117015	0.0946281	0.0901507	0.0901507	0.0901507	0.0901507	0.0901507	0.087777	0.087777	0.087777	0.0302245	0.0302245	0	0	
472
   827.533	  -88.2402	  -82.7825	   67.5509	
	   -830.83	  -932.865	   861.978	
		  -88.0182	   628.175	
			  -707.956	
0	0	0	0	1.59437	1.56735	1.54041	1.51617	1.48923	1.46229	1.43535	1.41077	1.38383	1.35689	1.32995	1.30302	1.27608	1.2514	1.22446	1.19752	1.17058	1.14364	1.1167	1.08976	1.06282	1.03588	1.00894	0.982003	0.897392	0.857169	0.824137	0.758536	0.731597	0.704657	0.677717	0.650778	0.623838	0.596899	0.569959	0.532552	0.505613	0.478673	0.451734	0.424794	0.402217	0.375277	0.348338	0.321398	0.294459	0.263566	0.14081	0.113871	0.108483	0.108483	0.108483	0.108483	0.108483	0.105626	0.105626	0.105626	0.0363706	0.0363706	0	0	
476
   827.533	  -88.2402	   132.743	   640.291	
	   -830.83	   -929.21	  -832.657	
		    579.64	   628.175	
			  -966.323	
0	0	0	0	1.89312	1.86187	1.83062	1.79937	1.76811	1.73686	1.70561	1.6857	1.65444	1.62319	1.59194	1.56068	1.52943	1.49818	1.46692	1.43567	1.40442	1.37317	1.35634	1.32509	1.29384	1.26259	1.23133	1.20008	1.16883	1.10433	1.07307	0.962814	0.931561	0.900308	0.869055	0.837802	0.806549	0.775296	0.744043	0.71279	0.681537	0.650284	0.619031	0.587778	0.37737	0.346117	0.314864	0.283611	0.252358	0.212027	0.180774	0.149521	0.14327	0.14327	0.14327	0.0379925	0.0379925	0.0297708	0.0297708	0.0297708	0.0297708	0.0297708	0	0	
436
   434.345	  -88.2402	  -717.567	   443.904	
	   -830.83	  -932.865	  -971.033	
		  -191.933	   170.598	
			  -966.323	
0	0	0	0	1.4141	1.38786	1.36165	1.33793	1.31173	1.28552	1.25932	1.23667	1.21047	1.18426	1.15806	1.13186	1.10566	1.08153	1.05533	1.02912	1.00292	0.976721	0.95052	0.924318	0.898116	0.871915	0.845713	0.819511	0.740537	0.700753	0.674551	0.612521	0.58632	0.560118	0.533916	0.507715	0.481513	0.455311	0.42911	0.397667	0.371465	0.345264	0.319062	0.29286	0.266659	0.240457	0.214255	0.188054	0.161852	0.131779	0.105577	0.0793754	0.0741351	0.0741351	0.0741351	0.0741351	0.0741351	0.0709909	0.0350162	0.0350162	0.0350162	0.0350162	0	0	
491
   827.533	  -88.2402	  -82.7825	   67.5509	
	   -830.83	  -932.865	  -971.033	
		  -191.933	   628.175	
			  -966.323	
0	0	0	0	1.16242	1.14207	1.12184	1.10162	1.08139	1.06116	1.04094	1.02466	1.00443	0.984207	0.963981	0.943755	0.923529	0.903616	0.883389	0.863163	0.842937	0.822711	0.802485	0.782259	0.762033	0.741807	0.72158	0.701354	0.681128	0.641131	0.613519	0.538861	0.518635	0.498409	0.478182	0.457956	0.43773	0.417504	0.397278	0.364362	0.344136	0.32391	0.303684	0.283458	0.263232	0.243006	0.222779	0.202553	0.182327	0.15644	0.136214	0.115988	0.111943	0.111943	0.111943	0.111943	0.111943	0.0781998	0.0781998	0.0781998	0.0206472	0.0206472	0	0	
443
   827.533	  -88.2402	  -717.567	   67.5509	
	   -830.83	   -929.21	  -832.657	
		  -191.933	   628.175	
			  -966.323	
0	0	0	0	1.24197	1.21943	1.19695	1.17448	1.152	1.10271	1.08024	1.06351	1.04103	1.01856	0.996079	0.973602	0.951125	0.929274	0.906797	0.88432	0.861843	0.839366	0.816889	0.794412	0.771935	0.749458	0.726981	0.704504	0.682027	0.640314	0.617837	0.550372	0.527895	0.505418	0.482941	0.460464	0.437987	0.41551	0.393033	0.368232	0.345755	0.323278	0.300801	0.278324	0.255847	0.23337	0.210893	0.188416	0.165939	0.138402	0.115925	0.0934478	0.0889524	0.0889524	0.0889524	0.0889524	0.0889524	0.0255437	0.0255437	0.0255437	0.0255437	0.0255437	0	0	
482
   434.345	  -88.2402	  -717.567	   443.904	
	   -830.83	  -932.865	  -971.033	
		  -191.933	   170.598	
			  -966.323	
0	0	0	0	1.27226	1.24882	1.22545	1.20332	1.17995	1.15658	1.13321	1.1136	1.09023	1.06686	1.04349	1.02012	0.996749	0.974728	0.951359	0.927989	0.90462	0.88125	0.857881	0.834511	0.811142	0.787772	0.764403	0.741033	0.691277	0.652385	0.626692	0.563104	0.539735	0.516365	0.492996	0.469626	0.446257	0.422887	0.399518	0.369536	0.346167	0.322797	0.299428	0.276058	0.252689	0.229319	0.20595	0.18258	0.159211	0.131529	0.10816	0.0847904	0.0801165	0.0801165	0.0801165	0.0801165	0.0801165	0.0471752	0.0291878	0.0291878	0.0291878	0.0291878	0	0	
444
   827.533	  -88.2402	  -82.7825	  -334.541	
	   -830.83	   -929.21	  -971.033	
		  -191.933	   628.175	
			  -966.323	
0	0	0	0	1.10922	1.08871	1.06826	1.04782	1.02738	0.980126	0.959682	0.945142	0.924698	0.904254	0.883811	0.863367	0.842923	0.822479	0.802035	0.781591	0.761148	0.740704	0.72026	0.699816	0.679372	0.658929	0.638485	0.618041	0.597597	0.554996	0.529906	0.451398	0.430954	0.41051	0.390066	0.369622	0.349179	0.328735	0.308291	0.279865	0.259421	0.238977	0.218533	0.198089	0.177646	0.157202	0.136758	0.116314	0.0958703	0.0691281	0.0486842	0.0282404	0.0241517	0.0241517	0.0241517	0.0241517	0.0241517	0.0189992	0.0189992	0.0189992	0.0189992	0.0189992	0	0	
433
   827.533	  -88.2402	  -82.7825	  -334.541	
	   -830.83	   -929.21	  -971.033	
		  -627.633	   628.175	
			  -966.323	
0	0	0	0	1.19703	1.17694	1.15699	1.13704	1.11709	1.09714	1.07719	1.06117	1.04122	1.02127	1.00132	0.981369	0.961419	0.941469	0.921519	0.901569	0.881619	0.86167	0.84172	0.82177	0.80182	0.78187	0.76192	0.74197	0.72202	0.679954	0.64986	0.565541	0.545592	0.525642	0.505692	0.485742	0.465792	0.445842	0.425892	0.388515	0.368565	0.348615	0.328665	0.308715	0.288765	0.268815	0.248865	0.228915	0.208966	0.182434	0.162485	0.142535	0.138545	0.138545	0.138545	0.138545	0.138545	0.133789	0.133789	0.133789	0.133789	0.133789	0	0	
487
   827.533	   93.0777	  -717.567	  -334.541	
	   -830.83	   -929.21	  -832.657	
		    579.64	   628.175	
			  -966.323	
0	0	0	0	1.37436	1.35078	1.32725	1.30373	1.2802	1.25668	1.23315	1.21642	1.1929	1.16937	1.14585	1.12232	1.09879	1.07558	1.05206	1.02853	1.005	0.981479	0.957954	0.934428	0.910902	0.887377	0.863851	0.840326	0.8168	0.77044	0.744592	0.665249	0.641723	0.618198	0.594672	0.571147	0.547621	0.524096	0.50057	0.473053	0.449528	0.426002	0.402477	0.378951	0.279432	0.255906	0.232381	0.208855	0.18533	0.155577	0.132052	0.108526	0.103821	0.103821	0.103821	0.0591646	0.0591646	0.0243078	0.0243078	0.0243078	0.0243078	0.0243078	0	0	
494
   827.533	  -88.2402	  -717.567	   67.5509	
	   -830.83	   -929.21	  -832.657	
		  -191.933	   628.175	
			  -966.323	
0	0	0	0	1.32803	1.30364	1.2793	1.2562	1.23186	1.19412	1.16978	1.15009	1.12575	1.10141	1.07707	1.05273	1.02839	1.0054	0.981062	0.956722	0.932383	0.908044	0.883705	0.859365	0.835026	0.810687	0.786347	0.762008	0.711282	0.670533	0.646194	0.581447	0.557108	0.532768	0.508429	0.48409	0.45975	0.435411	0.411072	0.382949	0.35861	0.334271	0.309932	0.285592	0.261253	0.236914	0.212574	0.188235	0.163896	0.13509	0.110751	0.0864116	0.0815438	0.0815438	0.0815438	0.0815438	0.0815438	0.0482673	0.03028	0.03028	0.03028	0.03028	0	0	
493
   827.533	  -88.2402	  -998.337	  -334.541	
	   -830.83	   -929.21	  -971.033	
		  -191.933	   170.598	
			  -966.323	
0	0	0	0	1.19526	1.17371	1.15224	1.13132	1.10985	1.08838	1.0669	1.04923	1.02776	1.00629	0.984819	0.963347	0.941876	0.920964	0.899493	0.878022	0.85655	0.835079	0.813607	0.792136	0.770665	0.749193	0.727722	0.70625	0.673076	0.629567	0.603023	0.534118	0.513898	0.492427	0.470955	0.449484	0.428013	0.406541	0.38507	0.353723	0.332251	0.31078	0.289308	0.267837	0.246366	0.224894	0.203423	0.181951	0.16048	0.131764	0.110293	0.0888211	0.0845268	0.0845268	0.0845268	0.0845268	0.0845268	0.0806917	0.0806917	0.0806917	0.0785505	0.0785505	0	0	
490
   434.345	  -88.2402	  -717.567	  -334.541	
	   -830.83	   -929.21	  -971.033	
		  -191.933	   628.175	
			  -966.323	
0	0	0	0	1.27226	1.24882	1.22545	1.20332	1.17995	1.15658	1.13321	1.1136	1.09023	1.06686	1.04349	1.02012	0.996749	0.974728	0.951359	0.927989	0.90462	0.88125	0.857881	0.834511	0.811142	0.787772	0.764403	0.741033	0.691277	0.652385	0.626692	0.563104	0.539735	0.516365	0.492996	0.469626	0.446257	0.422887	0.399518	0.369536	0.346167	0.322797	0.299428	0.276058	0.252689	0.229319	0.20595	0.18258	0.159211	0.131529	0.10816	0.0847904	0.0801165	0.0801165	0.0801165	0.0801165	0.0801165	0.0471752	0.0291878	0.0291878	0.0291878	0.0291878	0	0	
503
   827.533	  -88.2402	  -717.567	   67.5509	
	   -830.83	  -932.865	  -971.033	
		    579.64	   628.175	
			  -966.323	
0	0	0	0	1.37436	1.35078	1.32725	1.30373	1.2802	1.25668	1.23315	1.21642	1.1929	1.16937	1.14585	1.12232	1.09879	1.07558	1.05206	1.02853	1.005	0.981479	0.957954	0.934428	0.910902	0.887377	0.863851	0.840326	0.8168	0.77044	0.744592	0.665249	0.641723	0.618198	0.594672	0.571147	0.547621	0.524096	0.50057	0.473053	0.449528	0.426002	0.402477	0.378951	0.279432	0.255906	0.232381	0.208855	0.18533	0.155577	0.132052	0.108526	0.103821	0.103821	0.103821	0.0591646	0.0591646	0.0243078	0.0243078	0.0243078	0.0243078	0.0243078	0	0	
483
   827.533	  -88.2402	  -998.337	  -334.541	
	   -830.83	   -929.21	  -971.033	
		  -191.933	   170.598	
			  -966.323	
0	0	0	0	1.19396	1.17242	1.15097	1.13006	1.10861	1.08716	1.0657	1.04804	1.02659	1.00514	0.983683	0.962229	0.940775	0.919881	0.898427	0.876974	0.85552	0.834066	0.812612	0.791158	0.769704	0.74825	0.726796	0.705342	0.672186	0.628713	0.602196	0.533365	0.513162	0.491709	0.470255	0.448801	0.427347	0.405893	0.384439	0.353125	0.331671	0.310217	0.288763	0.267309	0.245855	0.224401	0.202947	0.181493	0.16004	0.131347	0.109893	0.088439	0.0841482	0.0841482	0.0841482	0.0841482	0.0841482	0.0803173	0.0803173	0.0803173	0.0206235	0.0206235	0	0	
477
   827.533	  -88.2402	  -82.7825	   217.089	
	   -830.83	   -929.21	  -971.033	
		  -191.933	   628.175	
			  -966.323	
0	0	0	0	1.09028	1.07079	1.05144	1.0321	1.01275	0.993401	0.974054	0.958519	0.939171	0.919824	0.900476	0.881129	0.861781	0.842433	0.823086	0.803738	0.784391	0.765043	0.745696	0.726348	0.707001	0.687653	0.668305	0.648958	0.62961	0.588814	0.559629	0.477856	0.458509	0.439161	0.419814	0.400466	0.381119	0.361771	0.342424	0.306175	0.286827	0.26748	0.248132	0.228785	0.209437	0.19009	0.170742	0.151395	0.132047	0.106317	0.0869695	0.0676219	0.0637524	0.0637524	0.0637524	0.0637524	0.0220361	0.0174241	0.0174241	0.0174241	0.0174241	0.0174241	0	0	
475
   827.533	   93.0777	  -717.567	  -334.541	
	   -830.83	   -929.21	  -971.033	
		  -191.933	   463.286	
			  -966.323	
0	0	0	0	1.08066	1.06116	1.04177	1.02238	1.00299	0.983596	0.964204	0.948562	0.929171	0.909779	0.890387	0.870995	0.851603	0.832802	0.81341	0.794018	0.774627	0.755235	0.735843	0.716451	0.697059	0.677667	0.658275	0.638883	0.619492	0.58361	0.559831	0.498319	0.478927	0.459535	0.440143	0.420751	0.401359	0.381968	0.362576	0.335647	0.316255	0.296863	0.277471	0.258079	0.225404	0.206013	0.186621	0.167229	0.147837	0.123958	0.104566	0.0851742	0.0812958	0.0812958	0.0812958	0.0812958	0.0812958	0.0220565	0.0220565	0.0220565	0.0220565	0.0220565	0	0	
492
   827.533	  -88.2402	  -82.7825	   67.5509	
	   -830.83	   -929.21	  -971.033	
		  -191.933	   628.175	
			  -707.956	
0	0	0	0	1.21819	1.19689	1.1757	1.1545	1.13331	1.09871	1.07751	1.06115	1.03996	1.01876	0.997564	0.976368	0.955172	0.934289	0.913093	0.891897	0.870701	0.849505	0.828309	0.807113	0.785917	0.764721	0.743525	0.722329	0.701133	0.65928	0.633021	0.557204	0.536008	0.514812	0.493616	0.47242	0.451224	0.430028	0.408832	0.377775	0.35658	0.335384	0.314188	0.292992	0.271796	0.2506	0.229404	0.208208	0.187012	0.160001	0.138805	0.117609	0.11337	0.11337	0.11337	0.11337	0.11337	0.079292	0.079292	0.079292	0.0217394	0.0217394	0	0	
468
   827.533	  -88.2402	  -717.567	   67.5509	
	   -830.83	   -929.21	  -832.657	
		   347.345	   628.175	
			  -966.323	
0	0	0	0	1.34585	1.32314	1.3005	1.27786	1.25521	1.20557	1.18292	1.16607	1.04871	1.02606	1.00342	0.98078	0.958137	0.936124	0.913482	0.890839	0.868196	0.845554	0.822911	0.800268	0.777626	0.754983	0.73234	0.709698	0.687055	0.645034	0.622391	0.554429	0.531787	0.509144	0.486501	0.463859	0.441216	0.418573	0.395931	0.370946	0.348304	0.325661	0.303018	0.280376	0.257733	0.23509	0.212448	0.189805	0.167162	0.139422	0.116779	0.0941367	0.0896082	0.0896082	0.0896082	0.0896082	0.0896082	0.025732	0.025732	0.025732	0.025732	0.025732	0	0	
478
   827.533	    207.68	  -717.567	   67.5509	
	   -830.83	  -932.865	  -971.033	
		  -88.0182	   628.175	
			  -966.323	
0	0	0	0	1.54466	1.51647	1.4884	1.46032	1.43225	1.40417	1.3761	1.35337	1.3253	1.29722	1.26915	1.24107	1.213	1.18646	1.15839	1.13031	1.10224	1.07416	1.04609	1.01801	0.989939	0.961864	0.933789	0.905714	0.897342	0.851206	0.823131	0.757805	0.72973	0.701655	0.67358	0.645505	0.61743	0.589356	0.561281	0.533206	0.505131	0.477056	0.448981	0.420906	0.392831	0.364756	0.336681	0.308606	0.280531	0.248176	0.220101	0.192027	0.186412	0.186412	0.186412	0.186412	0.186412	0.0372624	0.0372624	0.0372624	0.0372624	0.0372624	0	0	
470
   434.345	  -88.2402	  -717.567	   443.904	
	  -347.685	  -932.865	  -971.033	
		  -191.933	   170.598	
			  -966.323	
0	0	0	0	1.63672	1.60627	1.57588	1.54835	1.51795	1.48755	1.45715	1.43086	1.40047	1.37007	1.33967	1.30927	1.27887	1.25087	1.22047	1.19007	1.1636	1.1332	1.1028	1.0724	1.042	1.0116	0.981201	0.950802	0.859175	0.813017	0.782618	0.710651	0.680251	0.649852	0.619453	0.589053	0.558654	0.528255	0.497856	0.461375	0.430976	0.400577	0.370177	0.339778	0.309379	0.27898	0.24858	0.218181	0.187782	0.15289	0.122491	0.0920918	0.0860119	0.0860119	0.0860119	0.0860119	0.0860119	0.0823641	0.040626	0.040626	0.040626	0.040626	0	0	
457
   434.345	  -88.2402	  -998.337	  -334.541	
	   -830.83	   -929.21	  -971.033	
		  -191.933	   170.598	
			  -966.323	
0	0	0	0	1.1935	1.17049	1.14749	1.1256	1.10261	1.07961	1.05662	1.0373	1.0143	0.991311	0.968318	0.945326	0.922333	0.90046	0.877467	0.854474	0.831481	0.808488	0.785495	0.762502	0.739509	0.716517	0.693524	0.670531	0.624133	0.57918	0.556187	0.502695	0.482205	0.459212	0.436219	0.413226	0.390233	0.367241	0.344248	0.31893	0.295937	0.272945	0.249952	0.226959	0.203966	0.180973	0.15798	0.134987	0.111994	0.0810933	0.0581004	0.0351076	0.030509	0.030509	0.030509	0.030509	0.030509	0.0275943	0.0275943	0.0275943	0.0233118	0.0233118	0	0	
357
   827.533	  -88.2402	  -82.7825	  -334.541	
	   -830.83	   -929.21	  -971.033	
		  -191.933	   628.175	
			  -966.323	
0	0	0	0	0.990468	0.972063	0.953788	0.935512	0.917236	0.89896	0.880685	0.86601	0.847735	0.829459	0.811183	0.792908	0.774632	0.756356	0.738081	0.719805	0.701529	0.683254	0.664978	0.646702	0.628427	0.610151	0.591875	0.5736	0.555324	0.516788	0.48922	0.411977	0.393702	0.375426	0.35715	0.338875	0.320599	0.302323	0.284048	0.249807	0.231532	0.213256	0.19498	0.176705	0.158429	0.140153	0.121878	0.103602	0.0853263	0.0610218	0.0427461	0.0244704	0.0208153	0.0208153	0.0208153	0.0208153	0.0208153	0.0164588	0.0164588	0.0164588	0.0164588	0.0164588	0	0	
467
   827.533	   93.0777	  -717.567	  -334.541	
	   -830.83	   -929.21	  -971.033	
		  -191.933	   628.175	
			  -966.323	
0	0	0	0	1.13042	1.10978	1.08924	1.0687	1.04817	1.02763	1.00709	0.990526	0.969989	0.949452	0.928914	0.908377	0.88784	0.867928	0.847391	0.826853	0.806316	0.785779	0.765241	0.744704	0.724167	0.703629	0.683092	0.662555	0.642017	0.604016	0.578833	0.513687	0.493149	0.472612	0.452075	0.431537	0.411	0.390463	0.369925	0.341406	0.320868	0.300331	0.279794	0.259256	0.238719	0.218182	0.197644	0.177107	0.15657	0.13128	0.110743	0.0902054	0.0860979	0.0860979	0.0860979	0.0860979	0.0860979	0.0233594	0.0233594	0.0233594	0.0233594	0.0233594	0	0	
471
   827.533	  -88.2402	  -36.4576	  -334.541	
	   -830.83	   -929.21	  -971.033	
		  -627.633	   628.175	
			  -966.323	
0	0	0	0	1.20253	1.18335	1.1643	1.14525	1.12621	1.10716	1.08811	1.07282	0.99412	0.975072	0.956025	0.936977	0.91793	0.898882	0.879835	0.860787	0.84174	0.822692	0.803645	0.784597	0.76555	0.746502	0.727455	0.708407	0.68936	0.649196	0.620464	0.539959	0.520912	0.501865	0.482817	0.46377	0.444722	0.425675	0.406627	0.370941	0.351893	0.332846	0.313798	0.294751	0.275703	0.256656	0.237608	0.218561	0.199513	0.174182	0.155135	0.136087	0.132278	0.132278	0.132278	0.132278	0.132278	0.127737	0.127737	0.127737	0.127737	0.127737	0	0	
488
   827.533	   93.0777	  -717.567	   443.904	
	   -830.83	  -932.865	  -971.033	
		  -191.933	   628.175	
			  -966.323	
0	0	0	0	1.34224	1.31767	1.29317	1.26991	1.24541	1.22091	1.19641	1.17585	1.15135	1.12685	1.10235	1.07785	1.05335	1.03051	1.00601	0.981513	0.957013	0.932513	0.908012	0.883512	0.859012	0.834511	0.810011	0.785511	0.734624	0.695999	0.671498	0.613959	0.589458	0.564958	0.540458	0.515957	0.491457	0.466957	0.442456	0.415336	0.390835	0.366335	0.341835	0.317334	0.292834	0.268334	0.243833	0.219333	0.194833	0.166659	0.142158	0.117658	0.112758	0.112758	0.112758	0.112758	0.112758	0.0506254	0.032638	0.032638	0.032638	0.032638	0	0	
489
   827.533	  -88.2402	  -82.7825	   67.5509	
	   -830.83	   -929.21	  -971.033	
		  -88.0182	   628.175	
			  -966.323	
0	0	0	0	1.2628	1.24152	1.22036	1.20031	1.17914	1.15797	1.13681	1.11858	1.09741	1.07625	1.05508	1.03391	1.01274	0.992512	0.971344	0.950175	0.929007	0.907838	0.88667	0.865501	0.844332	0.823164	0.801995	0.780827	0.735695	0.697949	0.669177	0.59976	0.578592	0.557423	0.536255	0.515086	0.493918	0.472749	0.451581	0.417349	0.396181	0.375012	0.353844	0.332675	0.311507	0.290338	0.26917	0.248001	0.226832	0.200731	0.13975	0.118581	0.114348	0.114348	0.114348	0.114348	0.114348	0.110783	0.110783	0.110783	0.0820068	0.0820068	0	0	
495
   827.533	  -88.2402	  -82.7825	   67.5509	
	   -830.83	  -932.865	  -971.033	
		  -191.933	   628.175	
			  -966.323	
0	0	0	0	1.11982	1.09924	1.07875	1.05826	1.03777	1.00388	0.983387	0.967834	0.947344	0.926853	0.906362	0.885872	0.865381	0.845204	0.824713	0.804222	0.783732	0.763241	0.742751	0.72226	0.701769	0.681279	0.660788	0.640298	0.619807	0.579506	0.554369	0.482542	0.462052	0.441561	0.42107	0.40058	0.380089	0.359599	0.339108	0.310635	0.290145	0.269654	0.249163	0.228673	0.208182	0.187692	0.167201	0.146711	0.12622	0.100204	0.0797135	0.0592229	0.0551248	0.0551248	0.0551248	0.0551248	0.0551248	0.0211793	0.0211793	0.0211793	0.0211793	0.0211793	0	0	
497
   827.533	   93.0777	  -717.567	  -334.541	
	   -830.83	   -929.21	  -971.033	
		  -191.933	   170.598	
			  -966.323	
0	0	0	0	1.16196	1.14013	1.11837	1.09715	1.07539	1.05362	1.03186	1.01391	0.992147	0.970381	0.948616	0.926851	0.905086	0.884194	0.862429	0.840664	0.818898	0.797133	0.775368	0.753603	0.731838	0.710073	0.688308	0.666543	0.633075	0.591598	0.56751	0.508191	0.487677	0.465912	0.444147	0.422382	0.400617	0.378852	0.357087	0.330168	0.308403	0.286638	0.264873	0.243108	0.221342	0.199577	0.177812	0.156047	0.134282	0.106187	0.0844216	0.0626565	0.0583035	0.0583035	0.0583035	0.0583035	0.0583035	0.0254768	0.0254768	0.0254768	0.0233356	0.0233356	0	0	
498
   827.533	  -88.2402	  -82.7825	  -334.541	
	   -830.83	   -929.21	  -971.033	
		  -88.0182	   628.175	
			  -966.323	
0	0	0	0	1.16373	1.14336	1.12311	1.10287	1.08263	1.06238	1.04214	1.02585	1.0056	0.98536	0.965117	0.944873	0.924629	0.904699	0.884455	0.864211	0.843968	0.823724	0.80348	0.783237	0.762993	0.74275	0.722506	0.702262	0.682019	0.641985	0.614346	0.539614	0.51937	0.499127	0.478883	0.45864	0.438396	0.418152	0.397909	0.36496	0.344717	0.324473	0.304229	0.283986	0.263742	0.243499	0.223255	0.203011	0.182768	0.156857	0.136614	0.11637	0.112321	0.112321	0.112321	0.112321	0.112321	0.0785742	0.0785742	0.0785742	0.0785742	0.0785742	0	0	
480
   827.533	  -88.2402	  -82.7825	  -334.541	
	   -830.83	  -932.865	  -971.033	
		  -88.0182	   628.175	
			  -966.323	
0	0	0	0	1.06045	1.04092	1.02151	1.00211	0.982701	0.963295	0.943888	0.928268	0.908862	0.889455	0.870049	0.850642	0.831236	0.812142	0.792736	0.773329	0.753923	0.734516	0.71511	0.695703	0.676297	0.65689	0.637484	0.618077	0.598671	0.560402	0.534026	0.462832	0.443426	0.424019	0.404613	0.385206	0.3658	0.346393	0.326987	0.295607	0.2762	0.256794	0.237387	0.217981	0.198574	0.179168	0.159761	0.140355	0.120948	0.0961509	0.0767444	0.0573379	0.0534566	0.0534566	0.0534566	0.0534566	0.0534566	0.0199091	0.0199091	0.0199091	0.0199091	0.0199091	0	0	
469
   827.533	  -88.2402	  -82.7825	  -334.541	
	   720.361	   -929.21	  -971.033	
		  -191.933	   628.175	
			  -707.956	
0	0	0	0	1.27179	1.25143	1.23121	1.21099	1.19077	1.17055	1.15033	1.13409	1.11387	1.09365	1.07343	1.05321	1.03299	1.01278	0.992555	0.972335	0.952115	0.931895	0.911676	0.891456	0.871236	0.851016	0.830796	0.810576	0.790356	0.747721	0.71722	0.63176	0.61154	0.59132	0.5711	0.550881	0.530661	0.510441	0.490221	0.452338	0.432118	0.411898	0.391678	0.371458	0.351239	0.271931	0.251711	0.231491	0.211271	0.184381	0.164161	0.143941	0.139897	0.139897	0.139897	0.139897	0.139897	0.135078	0.135078	0.135078	0.0182098	0.0182098	0	0	
505
   827.533	  -88.2402	  -998.337	  -334.541	
	   -830.83	   -929.21	  -971.033	
		  -191.933	   628.175	
			  -707.956	
0	0	0	0	1.19396	1.17242	1.15097	1.13006	1.10861	1.08716	1.0657	1.04804	1.02659	1.00514	0.983683	0.962229	0.940775	0.919881	0.898427	0.876974	0.85552	0.834066	0.812612	0.791158	0.769704	0.74825	0.726796	0.705342	0.672186	0.628713	0.602196	0.533365	0.513162	0.491709	0.470255	0.448801	0.427347	0.405893	0.384439	0.353125	0.331671	0.310217	0.288763	0.267309	0.245855	0.224401	0.202947	0.181493	0.16004	0.131347	0.109893	0.088439	0.0841482	0.0841482	0.0841482	0.0841482	0.0841482	0.0803173	0.0803173	0.0803173	0.0206235	0.0206235	0	0	
394
   827.533	   93.0777	  -717.567	   67.5509	
	   -830.83	  -932.865	  -971.033	
		  -88.0182	   628.175	
			  -966.323	
0	0	0	0	1.27038	1.24749	1.22469	1.2019	1.1791	1.1563	1.1335	1.11504	1.09224	1.06944	1.04665	1.02385	1.00105	0.9795	0.956701	0.933902	0.911103	0.888304	0.865505	0.842706	0.819907	0.797108	0.774309	0.75151	0.728711	0.691245	0.668446	0.615396	0.592597	0.569798	0.546999	0.5242	0.501401	0.478602	0.455803	0.433004	0.410205	0.387406	0.364607	0.341808	0.319009	0.29621	0.273411	0.250612	0.227813	0.201538	0.178739	0.15594	0.151381	0.151381	0.151381	0.151381	0.151381	0.0302599	0.0302599	0.0302599	0.0302599	0.0302599	0	0	
500
   827.533	  -88.2402	  -82.7825	  -334.541	
	   -830.83	   -929.21	  -971.033	
		  -191.933	   628.175	
			  -966.323	
0	0	0	0	1.04984	1.03039	1.01103	0.991666	0.972307	0.939543	0.920183	0.905576	0.886216	0.866857	0.847497	0.828137	0.808777	0.789418	0.770058	0.750698	0.731338	0.711979	0.692619	0.673259	0.653899	0.63454	0.61518	0.59582	0.57646	0.535892	0.509563	0.431688	0.412328	0.392968	0.373608	0.354249	0.334889	0.315529	0.296169	0.264836	0.245476	0.226117	0.206757	0.187397	0.168037	0.148678	0.129318	0.109958	0.0905983	0.0650749	0.0457152	0.0263554	0.0224835	0.0224835	0.0224835	0.0224835	0.0224835	0.017729	0.017729	0.017729	0.017729	0.017729	0	0	
446
   827.533	  -88.2402	  -82.7825	   67.5509	
	   -830.83	  -932.865	  -971.033	
		  -88.0182	   628.175	
			  -966.323	
0	0	0	0	1.13042	1.10978	1.08924	1.0687	1.04817	1.02763	1.00709	0.990526	0.969989	0.949452	0.928914	0.908377	0.88784	0.867928	0.847391	0.826853	0.806316	0.785779	0.765241	0.744704	0.724167	0.703629	0.683092	0.662555	0.642017	0.604016	0.578833	0.513687	0.493149	0.472612	0.452075	0.431537	0.411	0.390463	0.369925	0.341406	0.320868	0.300331	0.279794	0.259256	0.238719	0.218182	0.197644	0.177107	0.15657	0.13128	0.110743	0.0902054	0.0860979	0.0860979	0.0860979	0.0860979	0.0860979	0.0233594	0.0233594	0.0233594	0.0233594	0.0233594	0	0	
501
   827.533	  -88.2402	  -717.567	  -334.541	
	   -830.83	   -929.21	  -971.033	
		  -191.933	   628.175	
			  -966.323	
0	0	0	0	1.17559	1.15407	1.13261	1.11115	1.08969	1.04142	1.01996	1.00433	0.982866	0.961405	0.939945	0.918485	0.897024	0.875877	0.854416	0.832956	0.811495	0.790035	0.768575	0.747114	0.725654	0.704193	0.682733	0.661273	0.639812	0.597655	0.573871	0.500885	0.479425	0.457964	0.436504	0.415043	0.393583	0.372123	0.350662	0.324048	0.302588	0.281128	0.259667	0.238207	0.216746	0.195286	0.173826	0.152365	0.130905	0.103765	0.0823045	0.0608441	0.0565521	0.0565521	0.0565521	0.0565521	0.0565521	0.0222714	0.0222714	0.0222714	0.0222714	0.0222714	0	0	
474
   827.533	  -88.2402	  -82.7825	   67.5509	
	   -830.83	   269.161	  -971.033	
		  -88.0182	   628.175	
			  -966.323	
0	0	0	0	1.46184	1.43699	1.41226	1.38754	1.26171	1.23699	1.21227	1.19233	1.16761	1.14289	1.11817	1.09344	1.06872	1.04475	1.02003	0.995311	0.97059	0.945868	0.921147	0.896425	0.871704	0.846982	0.822261	0.797539	0.772818	0.727075	0.696761	0.618342	0.593621	0.568899	0.544178	0.519456	0.494735	0.470013	0.445292	0.410962	0.38624	0.361519	0.336797	0.312076	0.287354	0.262633	0.237911	0.21319	0.188468	0.158026	0.133305	0.108583	0.103639	0.103639	0.103639	0.103639	0.103639	0.0281185	0.0281185	0.0281185	0.0281185	0.0281185	0	0	
486
   827.533	   93.0777	  -717.567	   67.5509	
	   -830.83	   -929.21	  -971.033	
		  -191.933	   628.175	
			  -707.956	
0	0	0	0	1.2295	1.20794	1.18648	1.16614	1.14468	1.12322	1.10176	1.08326	1.0618	1.04034	1.01888	0.997413	0.975951	0.955742	0.934279	0.912817	0.891355	0.869893	0.84843	0.826968	0.805506	0.784044	0.762581	0.741119	0.695694	0.65998	0.633664	0.573833	0.552371	0.530909	0.509446	0.487984	0.466522	0.44506	0.423597	0.393795	0.372332	0.35087	0.329408	0.307946	0.286483	0.265021	0.243559	0.222097	0.200635	0.175154	0.113879	0.0924167	0.0881243	0.0881243	0.0881243	0.0881243	0.0881243	0.0555682	0.0555682	0.0555682	0.0267919	0.0267919	0	0	
479
   434.345	  -88.2402	  -998.337	  -334.541	
	   -830.83	  -248.099	  -971.033	
		  -191.933	   170.598	
			  -966.323	
0	0	0	0	1.46062	1.39569	1.36827	1.34216	1.31474	1.28733	1.25991	1.23687	1.20945	1.18204	1.15462	1.1272	1.09979	1.07371	1.04629	1.01887	0.991456	0.96404	0.936623	0.909206	0.88179	0.854373	0.826956	0.79954	0.744215	0.690613	0.663196	0.599413	0.57498	0.547564	0.520147	0.49273	0.465314	0.437897	0.41048	0.380292	0.352875	0.325459	0.298042	0.270625	0.243209	0.215792	0.188375	0.160959	0.133542	0.0966955	0.0692789	0.0418622	0.0363789	0.0363789	0.0363789	0.0363789	0.0363789	0.0329034	0.0329034	0.0329034	0.027797	0.027797	0	0	
