30
80
   791.055  -238.513  -100.232   92.8615
            -847.851  -754.487  -679.873
                       661.456   741.098
                                 -610.45
0	0	0	0	1.47123	1.44585	1.42047	1.39509	1.36972	1.34434	1.31896	1.29358	1.26821	1.24283	1.21746	1.19208	1.1667	1.14133	1.11595	1.09057	1.0652	1.03982	1.01444	0.989066	0.963689	0.938313	0.912935	0.887559	0.862182	0.836806	0.811429	0.786052	0.760676	0.735299	0.709922	0.684545	0.659169	0.633792	0.608415	0.583039	0.557662	0.532285	0.506908	0.481532	0.456155	0.430778	0.405401	0.380025	0.354648	0.329271	0.303895	0.278518	0.273443	0.273443	0.142084	0.142084	0.00939082	0.00939082	0.00939082	0.00939082	0.00939082	0.00939082	0.00939082	0	
114
   791.055  -457.168  -100.232   92.8615
            -847.851  -754.487  -679.873
                       661.456   741.098
                                 475.338
0	0	0	0	1.28005	1.25604	1.23202	1.208	1.18399	1.15997	1.13596	1.11194	1.08792	1.06391	1.03989	1.01588	0.991861	0.967845	0.934485	0.910469	0.886453	0.862438	0.838421	0.814406	0.79039	0.766374	0.742357	0.718342	0.694326	0.67031	0.650035	0.626018	0.602003	0.577987	0.553971	0.529955	0.505939	0.481923	0.457908	0.433892	0.409875	0.38586	0.361844	0.337828	0.313812	0.289796	0.26578	0.241765	0.217749	0.193733	0.169717	0.145701	0.140898	0.140898	0.0752187	0.0752187	0.00887189	0.00887189	0.00887189	0.00887189	0.00887189	0.00887189	0.00887189	0	
99
   791.055  -238.513   925.927   92.8615
            -847.851  -754.487  -679.873
                       661.456   741.098
                                -341.579
0	0	0	0	1.25515	1.23243	1.20971	1.18699	1.16427	1.14156	1.11884	1.09612	1.0734	1.05069	1.02797	1.00525	0.982536	0.959818	0.9371	0.914383	0.891666	0.868948	0.84623	0.823513	0.800796	0.778079	0.75536	0.732643	0.709926	0.687209	0.664492	0.641773	0.619056	0.596339	0.573622	0.550904	0.528186	0.505469	0.482752	0.460035	0.437317	0.414599	0.391882	0.369165	0.346447	0.32373	0.301012	0.166521	0.143803	0.121086	0.0983683	0.0756509	0.0711074	0.0711074	0.0711074	0.0711074	0.00840674	0.00840674	0.00840674	0.00840674	0.00840674	0.00840674	0.00840674	0	
119
   791.055  -238.513   925.927   92.8615
            -847.851  -754.487  -679.873
                       661.456   648.736
                                 -610.45
0	0	0	0	1.13256	1.11042	1.08828	1.06614	1.044	1.02186	0.999724	0.977585	0.955447	0.933308	0.91117	0.889031	0.866892	0.844753	0.822615	0.800475	0.778337	0.756199	0.734059	0.711921	0.689782	0.667643	0.645504	0.623366	0.601226	0.579088	0.55695	0.53481	0.512672	0.490533	0.447703	0.425563	0.403425	0.381286	0.359147	0.337009	0.31487	0.292731	0.270592	0.248454	0.226314	0.173331	0.151192	0.129053	0.106915	0.0847758	0.062637	0.0404982	0.0360705	0.0360705	0.0360705	0.0360705	0.00238402	0.00238402	0.00238402	0.00238402	0.00238402	0.00238402	0.00238402	0	
110
   791.055  -457.168   925.927   92.8615
            -847.851  -754.487  -679.873
                       661.456   648.736
                                 475.338
0	0	0	0	1.13459	1.11152	1.08845	1.06539	1.04232	1.01926	0.996188	0.97312	0.950054	0.926988	0.903922	0.880855	0.857789	0.834722	0.802312	0.779246	0.75618	0.733114	0.710046	0.68698	0.663914	0.640848	0.617781	0.594714	0.571648	0.548582	0.529256	0.506189	0.483123	0.460056	0.43699	0.413923	0.390857	0.36779	0.344724	0.321658	0.298591	0.275525	0.252458	0.229392	0.206325	0.183259	0.160192	0.137126	0.11406	0.0909931	0.0679266	0.0448602	0.040247	0.040247	0.040247	0.040247	0.00656049	0.00656049	0.00656049	0.00656049	0.00656049	0.00656049	0.00656049	0	
113
   791.055  -238.513   925.927   92.8615
            -4.11167  -754.487  -679.873
                       661.456   648.736
                                 -610.45
0	0	0	0	1.04444	1.02252	1.0006	0.978678	0.956756	0.934837	0.912915	0.890993	0.869073	0.847152	0.825232	0.803311	0.781391	0.759469	0.728205	0.706284	0.684364	0.662443	0.640522	0.618602	0.596681	0.57476	0.552839	0.530918	0.508997	0.487077	0.468897	0.446975	0.425055	0.403134	0.381214	0.359292	0.337372	0.315451	0.29353	0.27161	0.249689	0.227768	0.205847	0.183927	0.162005	0.140085	0.118164	0.0962437	0.0743229	0.0524021	0.0304813	0.00856062	0.00417648	0.00417648	0.00417648	0.00417648	0.00417648	0.00417648	0.00417648	0.00417648	0.00417648	0.00417648	0.00417648	0	
105
   791.055  -457.168   925.927   92.8615
            -847.851  -754.487  -679.873
                       661.456   648.736
                                 483.489
0	0	0	0	0.941306	0.922894	0.904482	0.886074	0.867661	0.849253	0.830841	0.812429	0.794019	0.775609	0.757198	0.738787	0.720377	0.701966	0.668369	0.649958	0.631548	0.613138	0.594726	0.576316	0.557905	0.539495	0.521084	0.502673	0.484262	0.465852	0.453521	0.435109	0.416699	0.398288	0.379878	0.361467	0.343056	0.324645	0.306235	0.287825	0.269413	0.251003	0.232592	0.214182	0.195771	0.17736	0.102523	0.0841129	0.0657021	0.0472915	0.0288808	0.0104702	0.00678804	0.00678804	0.00678804	0.00678804	0.00678804	0.00678804	0.00678804	0.00678804	0.00678804	0.00678804	0.00678804	0	
104
   791.055  -238.513   925.927   92.8615
            -847.851  -754.487  -679.873
                       661.456   648.736
                                -184.789
0	0	0	0	1.1715	1.15137	1.13125	1.11112	1.09099	1.07086	1.05073	1.03061	1.01048	0.990352	0.970225	0.950097	0.929969	0.909841	0.889714	0.869586	0.849459	0.829332	0.809204	0.789076	0.768948	0.748821	0.728693	0.708566	0.688438	0.66831	0.648183	0.628055	0.607928	0.5878	0.527626	0.507498	0.487371	0.467243	0.447116	0.426988	0.40686	0.386733	0.366605	0.346478	0.32635	0.246526	0.226398	0.20627	0.186143	0.166015	0.145888	0.12576	0.121735	0.121735	0	0	0	0	0	0	0	0	0	0	
107
   791.055  -457.168   925.927   92.8615
            -847.851  -754.487  -679.873
                       661.456   648.736
                                 -610.45
0	0	0	0	1.04444	1.02252	1.0006	0.978678	0.956756	0.934837	0.912915	0.890993	0.869073	0.847152	0.825232	0.803311	0.781391	0.759469	0.728205	0.706284	0.684364	0.662443	0.640522	0.618602	0.596681	0.57476	0.552839	0.530918	0.508997	0.487077	0.468897	0.446975	0.425055	0.403134	0.381214	0.359292	0.337372	0.315451	0.29353	0.27161	0.249689	0.227768	0.205847	0.183927	0.162005	0.140085	0.118164	0.0962437	0.0743229	0.0524021	0.0304813	0.00856062	0.00417648	0.00417648	0.00417648	0.00417648	0.00417648	0.00417648	0.00417648	0.00417648	0.00417648	0.00417648	0.00417648	0	
90
   791.055  -238.513   925.927   92.8615
            -847.851  -754.487  -679.873
                       661.456   648.736
                                 -610.45
0	0	0	0	1.18029	1.15682	1.13334	1.10986	1.08638	1.06291	1.03943	1.01595	0.992471	0.968993	0.945516	0.922038	0.89856	0.875082	0.851604	0.828126	0.804649	0.781171	0.757693	0.734216	0.710737	0.68726	0.663782	0.640304	0.616826	0.593349	0.569871	0.546393	0.522915	0.499437	0.47596	0.452481	0.429004	0.405526	0.382048	0.358571	0.335092	0.311615	0.288137	0.264659	0.241181	0.217703	0.194225	0.170748	0.14727	0.123792	0.100314	0.0768365	0.072141	0.072141	0.072141	0.072141	0.00476803	0.00476803	0.00476803	0.00476803	0.00476803	0.00476803	0.00476803	0	
100
   791.055  -238.513  -100.232   92.8615
            -847.851  -754.487  -679.873
                       661.456   741.098
                                -749.461
0	0	0	0	1.37058	1.34825	1.32592	1.30359	1.28125	1.25893	1.23659	1.21426	1.19193	1.1696	1.14727	1.12494	1.1026	1.08027	1.05794	1.03561	1.01328	0.990948	0.968616	0.946285	0.923953	0.901622	0.87929	0.856959	0.758717	0.736386	0.714054	0.691722	0.669391	0.64706	0.624729	0.602397	0.580066	0.557734	0.535403	0.513072	0.49074	0.468409	0.446077	0.423746	0.401414	0.379083	0.356751	0.33442	0.312089	0.289757	0.267426	0.245095	0.240628	0.240628	0.125034	0.125034	0.00826388	0.00826388	0.00826388	0.00826388	0.00826388	0.00826388	0.00826388	0	
95
   791.055  -238.513   925.927   92.8615
            -4.11167  -754.487  -679.873
                       661.456   648.736
                                 -610.45
0	0	0	0	1	0.978814	0.957627	0.936441	0.915254	0.894068	0.872881	0.851695	0.830508	0.809322	0.788136	0.766949	0.745763	0.724576	0.70339	0.682203	0.661017	0.639831	0.618644	0.597458	0.576271	0.555085	0.533898	0.512712	0.491525	0.470339	0.449153	0.427966	0.40678	0.385593	0.364407	0.34322	0.322034	0.300847	0.279661	0.258475	0.237288	0.216102	0.194915	0.173729	0.152542	0.131356	0.110169	0.0889831	0.0677966	0.0466102	0.0254237	0.00423729	0	0	0	0	0	0	0	0	0	0	0	0	
117
   791.055  -238.513   925.927   92.8615
            -847.851  -754.487  -679.873
                       661.456   741.098
                                 -610.45
0	0	0	0	1.27802	1.25493	1.23184	1.20876	1.18567	1.16258	1.13949	1.1164	1.09332	1.07023	1.04714	1.02405	1.00096	0.977875	0.954787	0.931698	0.908611	0.885523	0.862434	0.839346	0.816258	0.79317	0.770081	0.746993	0.723904	0.700817	0.677729	0.65464	0.631552	0.608464	0.564684	0.541595	0.518507	0.495419	0.472331	0.449243	0.426154	0.403066	0.379978	0.35689	0.333801	0.279868	0.25678	0.233692	0.210604	0.187515	0.164427	0.141339	0.136721	0.136721	0.0710422	0.0710422	0.00469541	0.00469541	0.00469541	0.00469541	0.00469541	0.00469541	0.00469541	0	
108
   791.055  -238.513   925.927   92.8615
            -847.851  -754.487  -679.873
                       661.456   741.098
                                 -610.45
0	0	0	0	1.11429	1.09149	1.06869	1.04589	1.02309	1.00029	0.977495	0.954696	0.931898	0.9091	0.886302	0.863503	0.840705	0.817907	0.795108	0.77231	0.749512	0.726714	0.703915	0.681117	0.658318	0.63552	0.612721	0.589923	0.567124	0.544327	0.521529	0.49873	0.475932	0.453133	0.430335	0.407536	0.384738	0.361939	0.339141	0.316343	0.293544	0.270746	0.247948	0.22515	0.202351	0.179553	0.156754	0.133956	0.111158	0.0883595	0.065561	0.0427627	0.0382031	0.0382031	0.0382031	0.0382031	0.00451659	0.00451659	0.00451659	0.00451659	0.00451659	0.00451659	0.00451659	0	
118
   791.055  -238.513   925.927   92.8615
            -4.11167  -754.487  -679.873
                       661.456   648.736
                                 -610.45
0	0	0	0	1.23561	1.21233	1.18905	1.16577	1.14248	1.11921	1.09592	1.07264	1.04936	1.02608	1.0028	0.979514	0.956233	0.932951	0.90967	0.886388	0.863107	0.839825	0.816543	0.793262	0.76998	0.746699	0.723417	0.700136	0.676854	0.653572	0.630291	0.607009	0.583728	0.560446	0.537165	0.513882	0.490601	0.467319	0.444038	0.420757	0.397475	0.374194	0.350912	0.32763	0.304348	0.281067	0.257785	0.234504	0.211222	0.187941	0.164659	0.141378	0.136721	0.136721	0.0710422	0.0710422	0.00469541	0.00469541	0.00469541	0.00469541	0.00469541	0.00469541	0.00469541	0	
103
   791.055  -238.513   925.927   92.8615
             482.586  -754.487  -679.873
                       661.456   648.736
                                 -610.45
0	0	0	0	1.16797	1.14712	1.12626	1.1054	1.08455	1.06369	1.04284	1.02198	1.00112	0.980267	0.959412	0.938555	0.917699	0.896843	0.875987	0.855131	0.834275	0.813419	0.792563	0.771707	0.75085	0.729995	0.709138	0.688282	0.667426	0.64657	0.625714	0.604858	0.584002	0.563146	0.54229	0.521433	0.500577	0.479721	0.458865	0.43801	0.417153	0.396297	0.375441	0.354585	0.333728	0.312873	0.292016	0.271161	0.250304	0.229448	0.208592	0.187736	0.183565	0.183565	0.183565	0.183565	0.123715	0.123715	0.123715	0.00423559	0.00423559	0.00423559	0.00423559	0	
86
   791.055  -238.513   925.927   92.8615
            -847.851  -754.487  -679.873
                       661.456   741.098
                                 -610.45
0	0	0	0	1.22857	1.20416	1.17975	1.15534	1.13093	1.10652	1.08211	1.0577	1.03329	1.00888	0.984468	0.960057	0.935648	0.911237	0.886827	0.862416	0.838006	0.813596	0.789185	0.764776	0.740365	0.715955	0.691544	0.667134	0.642724	0.618314	0.593904	0.569493	0.545083	0.520673	0.496263	0.471852	0.447442	0.423032	0.398622	0.374212	0.349801	0.325391	0.30098	0.276571	0.25216	0.22775	0.203339	0.178929	0.154519	0.130109	0.105698	0.0812881	0.0764061	0.0764061	0.0764061	0.0764061	0.00903318	0.00903318	0.00903318	0.00903318	0.00903318	0.00903318	0.00903318	0	
120
   791.055  -238.513   925.927   92.8615
            -4.11167  -754.487  -679.873
                       661.456   648.736
                                 -610.45
0	0	0	0	1.04444	1.02252	1.0006	0.978678	0.956756	0.934837	0.912915	0.890993	0.869073	0.847152	0.825232	0.803311	0.781391	0.759469	0.728205	0.706284	0.684364	0.662443	0.640522	0.618602	0.596681	0.57476	0.552839	0.530918	0.508997	0.487077	0.468897	0.446975	0.425055	0.403134	0.381214	0.359292	0.337372	0.315451	0.29353	0.27161	0.249689	0.227768	0.205847	0.183927	0.162005	0.140085	0.118164	0.0962437	0.0743229	0.0524021	0.0304813	0.00856062	0.00417648	0.00417648	0.00417648	0.00417648	0.00417648	0.00417648	0.00417648	0.00417648	0.00417648	0.00417648	0.00417648	0	
112
   791.055  -238.513   925.927   92.8615
            -847.851  -754.487  -679.873
                       661.456   648.736
                                 -610.45
0	0	0	0	1.09015	1.06782	1.04548	1.02315	1.00082	0.978487	0.956154	0.933822	0.91149	0.889158	0.866826	0.844493	0.822162	0.799829	0.777497	0.755165	0.732833	0.710501	0.688168	0.665837	0.643504	0.621172	0.59884	0.576508	0.554175	0.531844	0.509512	0.487179	0.464848	0.442515	0.420183	0.397851	0.375519	0.353186	0.330855	0.308523	0.28619	0.263858	0.241526	0.219194	0.196861	0.17453	0.152197	0.129865	0.107533	0.0852012	0.062869	0.0405369	0.0360705	0.0360705	0.0360705	0.0360705	0.00238402	0.00238402	0.00238402	0.00238402	0.00238402	0.00238402	0.00238402	0	
98
   791.055  -238.513   925.927   92.8615
            -4.11167  -754.487  -679.873
                       661.456   648.736
                                 -610.45
0	0	0	0	1	0.978814	0.957627	0.936441	0.915254	0.894068	0.872881	0.851695	0.830508	0.809322	0.788136	0.766949	0.745763	0.724576	0.70339	0.682203	0.661017	0.639831	0.618644	0.597458	0.576271	0.555085	0.533898	0.512712	0.491525	0.470339	0.449153	0.427966	0.40678	0.385593	0.364407	0.34322	0.322034	0.300847	0.279661	0.258475	0.237288	0.216102	0.194915	0.173729	0.152542	0.131356	0.110169	0.0889831	0.0677966	0.0466102	0.0254237	0.00423729	0	0	0	0	0	0	0	0	0	0	0	0	
76
   791.055  -457.168   925.927   92.8615
            -847.851  -754.487  -679.873
                       661.456   648.736
                                 475.338
0	0	0	0	1.08888	1.06622	1.04357	1.02091	0.998257	0.975606	0.952948	0.930292	0.907638	0.884983	0.862328	0.839673	0.817018	0.794363	0.75302	0.730365	0.70771	0.685056	0.6624	0.639745	0.61709	0.594435	0.57178	0.549125	0.52647	0.503815	0.488641	0.465985	0.44333	0.420675	0.39802	0.375364	0.35271	0.330054	0.3074	0.284745	0.262089	0.239435	0.216779	0.194125	0.171469	0.148814	0.126159	0.103504	0.0808491	0.0581941	0.035539	0.0128839	0.00835295	0.00835295	0.00835295	0.00835295	0.00835295	0.00835295	0.00835295	0.00835295	0.00835295	0.00835295	0.00835295	0	
106
   791.055  -238.513   925.927   92.8615
            -847.851  -754.487  -679.873
                       661.456   648.736
                                 -610.45
0	0	0	0	1.09015	1.06782	1.04548	1.02315	1.00082	0.978487	0.956154	0.933822	0.91149	0.889158	0.866826	0.844493	0.822162	0.799829	0.777497	0.755165	0.732833	0.710501	0.688168	0.665837	0.643504	0.621172	0.59884	0.576508	0.554175	0.531844	0.509512	0.487179	0.464848	0.442515	0.420183	0.397851	0.375519	0.353186	0.330855	0.308523	0.28619	0.263858	0.241526	0.219194	0.196861	0.17453	0.152197	0.129865	0.107533	0.0852012	0.062869	0.0405369	0.0360705	0.0360705	0.0360705	0.0360705	0.00238402	0.00238402	0.00238402	0.00238402	0.00238402	0.00238402	0.00238402	0	
101
   791.055  -238.513   925.927   92.8615
            -4.11167  -754.487  -679.873
                       661.456   648.736
                                 490.812
0	0	0	0	1.26428	1.23832	1.21235	1.18638	1.16042	1.13445	1.10848	1.08252	1.05655	1.03058	1.00462	0.978651	0.952686	0.926719	0.900753	0.874786	0.84882	0.822854	0.796887	0.770921	0.744954	0.718988	0.693021	0.667056	0.641088	0.615123	0.589157	0.56319	0.537224	0.511257	0.485291	0.459324	0.433358	0.407391	0.381425	0.35546	0.329493	0.303527	0.27756	0.251594	0.225627	0.199661	0.173694	0.147728	0.121762	0.0957955	0.069829	0.0438627	0.0386695	0.0386695	0.0386695	0.0386695	0.0386695	0.0386695	0	0	0	0	0	0	
97
   791.055  -238.513   925.927   92.8615
            -847.851  -754.487  -679.873
                       661.456   648.736
                                 -610.45
0	0	0	0	1.08482	1.06402	1.04322	1.02242	1.00162	0.980822	0.960022	0.939223	0.918422	0.897623	0.876824	0.856023	0.835224	0.814424	0.793625	0.772824	0.752025	0.731226	0.710426	0.689626	0.668826	0.648027	0.627226	0.606427	0.585627	0.564828	0.544028	0.523228	0.502429	0.481628	0.419446	0.398645	0.377846	0.357046	0.336246	0.315447	0.294647	0.273848	0.253047	0.232248	0.211448	0.128958	0.108158	0.0873589	0.0665591	0.0457594	0.0249596	0.00415995	0	0	0	0	0	0	0	0	0	0	0	0	
121
   791.055  -238.513   925.927   92.8615
            -4.11167  -754.487  -679.873
                       661.456   648.736
                                 475.338
0	0	0	0	1.04444	1.02252	1.0006	0.978678	0.956756	0.934837	0.912915	0.890993	0.869073	0.847152	0.825232	0.803311	0.781391	0.759469	0.728205	0.706284	0.684364	0.662443	0.640522	0.618602	0.596681	0.57476	0.552839	0.530918	0.508997	0.487077	0.468897	0.446975	0.425055	0.403134	0.381214	0.359292	0.337372	0.315451	0.29353	0.27161	0.249689	0.227768	0.205847	0.183927	0.162005	0.140085	0.118164	0.0962437	0.0743229	0.0524021	0.0304813	0.00856062	0.00417648	0.00417648	0.00417648	0.00417648	0.00417648	0.00417648	0.00417648	0.00417648	0.00417648	0.00417648	0.00417648	0	
116
   791.055  -238.513   925.927   92.8615
            -4.11167  -754.487  -679.873
                       661.456   648.736
                                 -610.45
0	0	0	0	1.04241	1.02142	1.00042	0.979431	0.958438	0.937445	0.916451	0.895459	0.874465	0.853472	0.83248	0.811486	0.790494	0.7695	0.748507	0.727514	0.706521	0.685528	0.664535	0.643542	0.622548	0.601556	0.580562	0.55957	0.538576	0.517583	0.496591	0.475597	0.454604	0.433611	0.391926	0.370933	0.34994	0.328946	0.307954	0.286961	0.265967	0.244975	0.223981	0.202989	0.181995	0.130157	0.109164	0.088171	0.0671778	0.0461848	0.0251917	0.00419862	0	0	0	0	0	0	0	0	0	0	0	0	
115
   791.055  -238.513   925.927   92.8615
            -4.11167  -754.487  -679.873
                       661.456   648.736
                                 -610.45
0	0	0	0	1.04241	1.02142	1.00042	0.979431	0.958438	0.937445	0.916451	0.895459	0.874465	0.853472	0.83248	0.811486	0.790494	0.7695	0.748507	0.727514	0.706521	0.685528	0.664535	0.643542	0.622548	0.601556	0.580562	0.55957	0.538576	0.517583	0.496591	0.475597	0.454604	0.433611	0.391926	0.370933	0.34994	0.328946	0.307954	0.286961	0.265967	0.244975	0.223981	0.202989	0.181995	0.130157	0.109164	0.088171	0.0671778	0.0461848	0.0251917	0.00419862	0	0	0	0	0	0	0	0	0	0	0	0	
111
   791.055  -238.513   925.927   92.8615
            -847.851  -754.487  -679.873
                       661.456   648.736
                                 -610.45
0	0	0	0	1.13256	1.11042	1.08828	1.06614	1.044	1.02186	0.999724	0.977585	0.955447	0.933308	0.91117	0.889031	0.866892	0.844753	0.822615	0.800475	0.778337	0.756199	0.734059	0.711921	0.689782	0.667643	0.645504	0.623366	0.601226	0.579088	0.55695	0.53481	0.512672	0.490533	0.447703	0.425563	0.403425	0.381286	0.359147	0.337009	0.31487	0.292731	0.270592	0.248454	0.226314	0.173331	0.151192	0.129053	0.106915	0.0847758	0.062637	0.0404982	0.0360705	0.0360705	0.0360705	0.0360705	0.00238402	0.00238402	0.00238402	0.00238402	0.00238402	0.00238402	0.00238402	0	
109
   791.055  -238.513   925.927   92.8615
            -847.851  -754.487  -679.873
                       661.456   741.098
                                 -610.45
0	0	0	0	1.27802	1.25493	1.23184	1.20876	1.18567	1.16258	1.13949	1.1164	1.09332	1.07023	1.04714	1.02405	1.00096	0.977875	0.954787	0.931698	0.908611	0.885523	0.862434	0.839346	0.816258	0.79317	0.770081	0.746993	0.723904	0.700817	0.677729	0.65464	0.631552	0.608464	0.564684	0.541595	0.518507	0.495419	0.472331	0.449243	0.426154	0.403066	0.379978	0.35689	0.333801	0.279868	0.25678	0.233692	0.210604	0.187515	0.164427	0.141339	0.136721	0.136721	0.0710422	0.0710422	0.00469541	0.00469541	0.00469541	0.00469541	0.00469541	0.00469541	0.00469541	0	
102
    163.13  -238.513   925.927   92.8615
            -4.11167  -754.487  -679.873
                       661.456   648.736
                                 -610.45
0	0	0	0	1.14552	1.12293	1.10033	1.07774	1.05514	1.03255	1.00995	0.987357	0.964762	0.942168	0.919573	0.896978	0.874384	0.772738	0.750144	0.727548	0.704954	0.68236	0.659765	0.63717	0.614575	0.591981	0.569386	0.546791	0.524196	0.501602	0.479008	0.456412	0.433818	0.411223	0.388629	0.366033	0.343439	0.320844	0.29825	0.275656	0.25306	0.230466	0.207871	0.185277	0.162681	0.140087	0.117492	0.0948977	0.072303	0.0497083	0.0271136	0.00451894	0	0	0	0	0	0	0	0	0	0	0	0	
