Generation 0
5 Best AIs:
AI 499	Win: 67/98	Draw: 0/98
AI 496	Win: 62/98	Draw: 3/98
AI 485	Win: 61/98	Draw: 1/98
AI 481	Win: 61/98	Draw: 3/98
AI 400	Win: 58/98	Draw: 2/98
    827	    -88	    -82	   -334	
	   -830	   -929	   -971	
		   -191	    628	
			   -707	
Best lambdas:
0	0	0	0	1.16242	1.14207	1.12184	1.10162	1.08139	1.06116	1.04094	1.02466	1.00443	0.984207	0.963981	0.943755	0.923529	0.903616	0.883389	0.863163	0.842937	0.822711	0.802485	0.782259	0.762033	0.741807	0.72158	0.701354	0.681128	0.641131	0.613519	0.538861	0.518635	0.498409	0.478182	0.457956	0.43773	0.417504	0.397278	0.364362	0.344136	0.32391	0.303684	0.283458	0.263232	0.243006	0.222779	0.202553	0.182327	0.15644	0.136214	0.115988	0.111943	0.111943	0.111943	0.111943	0.111943	0.0781998	0.0781998	0.0781998	0.0206472	0.0206472	0	0	
